 anim= { [1] = {
      ["Lm"] = CFrame.new( -0.845102847, -0.402794331, 0.0946389437, -0.99256438, 0.102816798, -0.065150924, -0.0644842684, 0.00979815051, 0.997870624, 0.103236265, 0.994652092, -0.00309532695 );
      ["To"] = CFrame.new( -0.101034857, -0.12004938, -0.698233128, 0.998470962, -0.0552424565, -0.00200228835, 0.0552787296, 0.997820199, 0.0360439606, 6.7673991e-06, -0.0360995308, 0.999348223 );
      ["Ht"] = CFrame.new( 0, 0, 0, 1, 0, 0, 0, 1, 0, 0, 0, 1 );
      ["Rm"] = CFrame.new( 0.719092846, -0.716773033, -0.0137656331, -0.99387902, -0.0743580461, 0.0817038193, 0.0833885372, -0.0198365618, 0.996319711, -0.0724635795, 0.997034371, 0.0259156469 );
      ["Lg"] = CFrame.new( 0.244133323, 0.418462336, -0.229413092, 0.663110256, 0.376020133, 0.647219956, -0.681189656, 0.661557436, 0.313563973, -0.310266823, -0.648807108, 0.694826603 );
      ["Rg"] = CFrame.new( -0.36183244, 0.431207716, -0.309488952, 0.536791444, -0.100532077, -0.837704122, 0.622774422, 0.717059851, 0.313013166, 0.569216132, -0.689723551, 0.447520465 );
      ["Hd"] = CFrame.new( 8.55998223e-08, -3.25962901e-09, 0.0182944536, 0.998284996, 0.00123987929, -0.0585281067, -0.00320718368, 0.999432623, -0.0335309654, 0.0584533177, 0.0336611718, 0.997722447 );
  }, 
  [2] = {
      ["Lm"] = CFrame.new( -0.815168023, -0.40436095, 0.099647522, -0.99128294, 0.122872368, -0.0475446582, -0.0509842485, -0.0250008162, 0.998386502, 0.121485502, 0.99210757, 0.0310473349 );
      ["To"] = CFrame.new( -0.0525541902, 0.119137108, -0.389174461, 0.994921863, 0.0240335502, 0.0977388695, -0.04509997, 0.974581957, 0.219444782, -0.0899804905, -0.2227384, 0.970716894 );
      ["Ht"] = CFrame.new( 0, 0, 0, 1, 0, 0, 0, 1, 0, 0, 0, 1 );
      ["Rm"] = CFrame.new( 0.703027904, -0.741358697, -0.0428321362, -0.99941808, -0.0299364645, 0.0163525343, 0.0132660186, 0.100542024, 0.994844437, -0.0314261876, 0.994482338, -0.100086376 );
      ["Lg"] = CFrame.new( -0.297631979, 0.563868046, -0.0746308565, 0.909963489, 0.414146006, -0.0212011356, -0.405739695, 0.89972645, 0.160834536, 0.0856841505, -0.137751415, 0.986753643 );
      ["Rg"] = CFrame.new( 0.75866276, 0.314378738, 0.0869716406, 0.954957664, 0.295282036, -0.0294002909, -0.296741694, 0.95009011, -0.0962985605, -0.000502251962, 0.100685298, 0.994918227 );
      ["Hd"] = CFrame.new( 1.36904418e-07, 7.18282536e-08, 0.0182944536, 0.994608045, -0.0715753511, -0.0750458986, 0.0662666857, 0.995273352, -0.0709918588, 0.0797724575, 0.0656359941, 0.994649887 );
  }, 
  [0] = {
      ["Lm"] = CFrame.new( -0.842670083, -0.357658684, 0.157856107, -0.99401015, 0.0689212978, -0.0848164111, -0.0726909563, 0.162577316, 0.98401463, 0.0816088393, 0.984285831, -0.156593606 );
      ["To"] = CFrame.new( -0.160679981, 0.234226704, -0.642125845, 0.99533391, -0.0572282672, -0.0776875615, 0.0779134706, 0.951625884, 0.297216505, 0.0569203123, -0.301882565, 0.951644361 );
      ["Ht"] = CFrame.new( 0, 0, 0, 1, 0, 0, 0, 1, 0, 0, 0, 1 );
      ["Rm"] = CFrame.new( 0.640185952, -0.979352713, -0.153613031, -0.989009082, -0.10839738, 0.100554354, 0.117963091, -0.16847086, 0.978622735, -0.0891395956, 0.979728401, 0.179406092 );
      ["Lg"] = CFrame.new( -0.0326910987, 0.25141716, 0.0385004282, 0.495624274, 0.868173718, 0.0251224209, -0.86745137, 0.496243477, -0.0356465466, -0.0434142761, -0.00412517227, 0.99904865 );
      ["Rg"] = CFrame.new( 0.757173419, 0.105800629, 0.306298375, 0.524459302, 0.790057838, -0.31741333, -0.772058368, 0.598462164, 0.21393688, 0.358982384, 0.132860437, 0.923839808 );
      ["Hd"] = CFrame.new( 1.09896064e-07, 9.31322575e-10, 0.018294692, 0.99812007, 0.0252392199, -0.0558513403, -0.0281684548, 0.998234272, -0.0522968769, 0.054432787, 0.053771805, 0.997068644 );
  }, 
  [0.125] = {
      ["Lm"] = CFrame.new( -0.842463732, -0.334552824, 0.111558199, -0.996089876, 0.0620331839, -0.0629041344, -0.0501766019, 0.188798696, 0.980733156, 0.0727142766, 0.980054557, -0.184947997 );
      ["To"] = CFrame.new( -0.0788203552, 0.169927359, -0.482259989, 0.999926865, -0.00908434764, -0.00799556449, 0.0106631303, 0.973809123, 0.227116928, 0.00572294416, -0.227185562, 0.973834693 );
      ["Ht"] = CFrame.new( 0, 0, 0, 1, 0, 0, 0, 1, 0, 0, 0, 1 );
      ["Rm"] = CFrame.new( 0.636770546, -1.01353657, -0.121668875, -0.990078926, -0.115811065, 0.0795708895, 0.10162542, -0.199118629, 0.974691868, -0.0970359668, 0.973108232, 0.208912417 );
      ["Lg"] = CFrame.new( -0.898032129, 0.456356585, 0.0100390911, 0.897478402, -0.440991402, 0.00768958312, 0.439984381, 0.896372855, 0.0541248769, -0.0307613667, -0.0451925732, 0.998504639 );
      ["Rg"] = CFrame.new( 0.0477939807, 0.408314645, 0.172418952, 0.749913037, -0.623365521, -0.221463367, 0.585183978, 0.781215608, -0.21739839, 0.308529347, 0.0334330425, 0.950627208 );
      ["Hd"] = CFrame.new( 8.7544322e-08, 5.3725671e-08, 0.0182942152, 0.992410183, -0.0508455597, -0.111968286, 0.0544137917, 0.998096049, 0.0290444661, 0.110278301, -0.0349166021, 0.993287265 );
  }, 
  [0.5] = {
      ["Lm"] = CFrame.new( -0.815168023, -0.40436095, 0.099647522, -0.99128294, 0.122872368, -0.0475446582, -0.0509842485, -0.0250008162, 0.998386502, 0.121485502, 0.99210757, 0.0310473349 );
      ["To"] = CFrame.new( -0.0525541902, 0.119137108, -0.389174461, 0.994921863, 0.0240335502, 0.0977388695, -0.04509997, 0.974581957, 0.219444782, -0.0899804905, -0.2227384, 0.970716894 );
      ["Ht"] = CFrame.new( 0, 0, 0, 1, 0, 0, 0, 1, 0, 0, 0, 1 );
      ["Rm"] = CFrame.new( 0.700201511, -0.753872275, -0.0445032716, -0.999378204, -0.0314267538, 0.0159892719, 0.0129515938, 0.0945900157, 0.995432138, -0.0327955335, 0.995020211, -0.0941242352 );
      ["Lg"] = CFrame.new( -0.297631979, 0.563868046, -0.0746308565, 0.909963489, 0.414146006, -0.0212011356, -0.405739695, 0.89972645, 0.160834536, 0.0856841505, -0.137751415, 0.986753643 );
      ["Rg"] = CFrame.new( 0.75866276, 0.314378738, 0.0869716406, 0.954957664, 0.295282036, -0.0294002909, -0.296741694, 0.95009011, -0.0962985605, -0.000502251962, 0.100685298, 0.994918227 );
      ["Hd"] = CFrame.new( 1.36904418e-07, 7.18282536e-08, 0.0182944536, 0.994608045, -0.0715753511, -0.0750458986, 0.0662666857, 0.995273352, -0.0709918588, 0.0797724575, 0.0656359941, 0.994649887 );
  }, 
  [1.9583333730698] = {
      ["Lm"] = CFrame.new( -0.786591887, -0.518398285, 0.104212284, -0.990337908, 0.13493745, -0.0319810882, -0.041862119, -0.0710360184, 0.996594965, 0.132206231, 0.988304496, 0.0759983733 );
      ["To"] = CFrame.new( -0.0320165753, 0.123493373, -0.401503801, 0.991151094, 0.0396358222, 0.126682833, -0.0676251948, 0.972015619, 0.224972546, -0.114220709, -0.231548771, 0.966094613 );
      ["Ht"] = CFrame.new( 0, 0, 0, 1, 0, 0, 0, 1, 0, 0, 0, 1 );
      ["Rm"] = CFrame.new( 0.705901027, -0.733970523, -0.0469740629, -0.999493659, -0.0292876996, 0.0124422414, 0.00852730963, 0.130188495, 0.991452575, -0.0306570865, 0.991056621, -0.129872978 );
      ["Lg"] = CFrame.new( -0.729363143, 0.561593294, -0.0943779349, 0.963497043, -0.267698199, -0.00334083056, 0.262449712, 0.941996217, 0.209197238, -0.0528546944, -0.202437744, 0.977867723 );
      ["Rg"] = CFrame.new( 0.479011565, 0.455340028, 0.0945535898, 0.980992913, -0.193728566, -0.0110634426, 0.19116281, 0.974643409, -0.116306268, 0.0333148129, 0.111980677, 0.993151844 );
      ["Hd"] = CFrame.new( 1.60187483e-07, 1.63447112e-07, 0.018294096, 0.992290378, -0.0931857899, -0.0817092434, 0.0872772783, 0.993496239, -0.0731292814, 0.0879924968, 0.0654341653, 0.993969679 );
  }, 
  [1.9166666269302] = {
      ["Lm"] = CFrame.new( -0.765960097, -0.597622514, 0.105621576, -0.990301251, 0.137189582, -0.0219695307, -0.035583701, -0.0975867882, 0.994590759, 0.134303629, 0.985726118, 0.101521954 );
      ["To"] = CFrame.new( -0.0229254961, 0.13107419, -0.46569705, 0.988775194, 0.0491309352, 0.141102001, -0.0816087276, 0.968662262, 0.234591991, -0.125154465, -0.243473902, 0.961798728 );
      ["Ht"] = CFrame.new( 0, 0, 0, 1, 0, 0, 0, 1, 0, 0, 0, 1 );
      ["Rm"] = CFrame.new( 0.707018614, -0.73228991, -0.0514800549, -0.999466181, -0.0311574899, 0.00982747041, 0.00538449502, 0.139596388, 0.990193844, -0.0322237462, 0.989718139, -0.139354184 );
      ["Lg"] = CFrame.new( -0.855220139, 0.203971982, -0.0110182762, 0.74951601, -0.661906362, 0.0102911154, 0.637688577, 0.726091325, 0.257185876, -0.177705303, -0.186202392, 0.966307104 );
      ["Rg"] = CFrame.new( 0.230478942, 0.342954814, 0.0872311592, 0.81845808, -0.574558675, -0.00299474271, 0.568656981, 0.810774684, -0.138830081, 0.0821941495, 0.111923531, 0.990311682 );
      ["Hd"] = CFrame.new( 7.82310963e-08, -5.12227416e-09, 0.0182944536, 0.99017477, -0.108193055, -0.0885909051, 0.101432972, 0.991814494, -0.0775595009, 0.0962571204, 0.0678113997, 0.9930439 );
  }, 
  [2.0416667461395] = {
      ["Lm"] = CFrame.new( -0.822876334, -0.359687418, 0.0892008543, -0.993465662, 0.0981786773, -0.0581977516, -0.0579012148, 0.00586941559, 0.998305082, 0.0983539224, 0.99515152, -0.000146512059 );
      ["To"] = CFrame.new( -0.0792714506, 0.120987892, -0.440529823, 0.99752599, -0.0139992982, 0.0688909739, -0.00163298252, 0.975092351, 0.221793264, -0.0702800155, -0.221357033, 0.972657084 );
      ["Ht"] = CFrame.new( 0, 0, 0, 1, 0, 0, 0, 1, 0, 0, 0, 1 );
      ["Rm"] = CFrame.new( 0.697639346, -0.758006215, -0.0394918323, -0.999153733, -0.0342176557, 0.0228279978, 0.0209526233, 0.0541977435, 0.998310328, -0.0353969708, 0.997943759, -0.0534350164 );
      ["Lg"] = CFrame.new( -0.0957457274, 0.344963789, -0.0321729779, 0.697835147, 0.71465987, -0.0478287116, -0.703642905, 0.69649148, 0.140664384, 0.133839428, -0.0645062104, 0.988901377 );
      ["Rg"] = CFrame.new( 0.823856592, 0.0030452013, 0.0939935446, 0.778067172, 0.624056935, -0.0718644485, -0.62816143, 0.773839474, -0.0811524019, 0.00496788975, 0.108284451, 0.994107604 );
      ["Hd"] = CFrame.new( 8.02683644e-08, 1.65891834e-09, 0.0182943344, 0.997171879, -0.0324737839, -0.067777954, 0.0278030708, 0.997246265, -0.0687526986, 0.0698239952, 0.0666738302, 0.995328784 );
  }, 
  [2.25] = {
      ["Lm"] = CFrame.new( -0.847454488, -0.340604544, 0.151812315, -0.994532704, 0.0640015379, -0.0825142935, -0.0698948652, 0.179094106, 0.981346011, 0.0775855258, 0.981747985, -0.173641637 );
      ["To"] = CFrame.new( -0.183384329, 0.26841718, -0.683477879, 0.99411881, -0.0528305285, -0.0945345685, 0.0821634829, 0.936610758, 0.340601653, 0.0705479309, -0.34636578, 0.935443103 );
      ["Ht"] = CFrame.new( 0, 0, 0, 1, 0, 0, 0, 1, 0, 0, 0, 1 );
      ["Rm"] = CFrame.new( 0.635394931, -0.996373773, -0.159454346, -0.988704145, -0.113281466, 0.0981403217, 0.118053615, -0.185160756, 0.97559154, -0.0923446342, 0.976157248, 0.1964425 );
      ["Lg"] = CFrame.new( 0.117317781, 0.0138270259, 0.0183290243, 0.297630876, 0.95354712, 0.0465168282, -0.954377413, 0.295954168, 0.0396844558, 0.0240740981, -0.0562058762, 0.99812901 );
      ["Rg"] = CFrame.new( 0.780534983, 0.0846287012, 0.310428977, 0.470394731, 0.827262223, -0.307190448, -0.801680803, 0.546104789, 0.24305892, 0.368831635, 0.131934926, 0.920085013 );
      ["Hd"] = CFrame.new( 1.2665987e-07, -6.05359674e-08, 0.0182942152, 0.995610952, 0.0353734121, -0.0866465867, -0.0394971892, 0.99814415, -0.0463498086, 0.0848462731, 0.0495685302, 0.995160341 );
  }, 
  [0.54166668653488] = {
      ["Lm"] = CFrame.new( -0.82325089, -0.358729631, 0.0907610655, -0.993464828, 0.0981066003, -0.0583332814, -0.0577738993, 0.008535509, 0.998293281, 0.0984371305, 0.99513942, -0.00281179161 );
      ["To"] = CFrame.new( -0.0798892677, 0.120990753, -0.449095964, 0.997581124, -0.013911413, 0.0681070164, -0.00154475635, 0.975091636, 0.221796945, -0.0694960952, -0.221365616, 0.972711563 );
      ["Ht"] = CFrame.new( 0, 0, 0, 1, 0, 0, 0, 1, 0, 0, 0, 1 );
      ["Rm"] = CFrame.new( 0.693243265, -0.777473807, -0.042004168, -0.999085248, -0.0365589522, 0.0221866276, 0.0205380768, 0.0448671728, 0.9987818, -0.0375097767, 0.998323858, -0.0440754034 );
      ["Lg"] = CFrame.new( -0.109430142, 0.378366172, -0.0372623205, 0.708656073, 0.703962266, -0.0473673157, -0.693099141, 0.707134485, 0.139908955, 0.131985649, -0.0663170591, 0.989030778 );
      ["Rg"] = CFrame.new( 0.829240739, 0.00804549456, 0.0972703695, 0.775541425, 0.626846969, -0.0748225003, -0.631249011, 0.771475077, -0.0796936974, 0.00776801538, 0.109037392, 0.994007349 );
      ["Hd"] = CFrame.new( 7.38655217e-08, 6.53817551e-08, 0.0182945728, 0.997158825, -0.0322964936, -0.0680546612, 0.0276541281, 0.997296095, -0.068086639, 0.0700696334, 0.0660112053, 0.995355666 );
  }, 
  [2.1666667461395] = {
      ["Lm"] = CFrame.new( -0.832748473, -0.333482027, 0.0902183056, -0.996477783, 0.0498841181, -0.0674069226, -0.0618231073, 0.106077529, 0.992434144, 0.056657102, 0.993105829, -0.102619991 );
      ["To"] = CFrame.new( -0.167054474, 0.168824553, -0.716066599, 0.996552646, -0.0722373798, -0.0407994092, 0.0804551765, 0.961487353, 0.262809932, 0.0202434156, -0.265186459, 0.963984609 );
      ["Ht"] = CFrame.new( 0, 0, 0, 1, 0, 0, 0, 1, 0, 0, 0, 1 );
      ["Rm"] = CFrame.new( 0.66569072, -0.87472713, -0.0660201311, -0.995233476, -0.0731145367, 0.0645336136, 0.0714786574, -0.0967372507, 0.992740035, -0.0663408339, 0.992620885, 0.101502277 );
      ["Lg"] = CFrame.new( 0.0505262464, 0.0912017226, 0.0270382166, 0.312439144, 0.949410319, -0.0316522606, -0.949479997, 0.311080903, -0.0414287932, -0.0294865482, 0.0429971851, 0.998639941 );
      ["Rg"] = CFrame.new( 0.908352375, 0.0228111148, 0.218132257, 0.551383913, 0.811214685, -0.194696352, -0.816711545, 0.572489738, 0.0723718628, 0.170170888, 0.119106025, 0.978190005 );
      ["Hd"] = CFrame.new( 7.07805157e-08, -8.38190317e-09, 0.0182942152, 0.997062981, 0.043742124, -0.062866427, -0.047376968, 0.99721849, -0.0575402044, 0.0601746328, 0.0603496097, 0.996361911 );
  }, 
  [2.375] = {
      ["Lm"] = CFrame.new( -0.845922232, -0.33551532, 0.117985606, -0.994818091, 0.0606944002, -0.0815669522, -0.0679756925, 0.199535146, 0.977530062, 0.0756061599, 0.978009284, -0.1943755 );
      ["To"] = CFrame.new( -0.107780524, 0.191431701, -0.363576412, 0.998372197, -0.0353689007, -0.0447438695, 0.0452147014, 0.968993843, 0.24291268, 0.0347649828, -0.244540349, 0.969015718 );
      ["Ht"] = CFrame.new( 0, 0, 0, 1, 0, 0, 0, 1, 0, 0, 0, 1 );
      ["Rm"] = CFrame.new( 0.627257228, -1.03280163, -0.140494287, -0.988423407, -0.116566353, 0.0971168131, 0.119673826, -0.205534369, 0.971305251, -0.0932605863, 0.971683085, 0.217104793 );
      ["Lg"] = CFrame.new( -0.733885348, 0.62613225, 0.0581078529, 0.975693643, -0.211939096, 0.055711776, 0.211241663, 0.977264583, 0.0181904677, -0.0583004691, -0.00597966928, 0.998281181 );
      ["Rg"] = CFrame.new( 0.227791548, 0.631797314, 0.233451247, 0.918664813, -0.227772787, -0.322760761, 0.19824408, 0.97252351, -0.122054726, 0.341693252, 0.0481419228, 0.938577712 );
      ["Hd"] = CFrame.new( 8.56816769e-08, -6.51925802e-09, 0.0182943344, 0.996778548, -0.0228117146, -0.0768907219, 0.0267097317, 0.998389363, 0.0500544459, 0.0756250471, -0.051946979, 0.995782375 );
  }, 
  [0.625] = {
      ["Lm"] = CFrame.new( -0.82312429, -0.337440461, 0.0705803633, -0.997001529, 0.0457252227, -0.0624272227, -0.059386231, 0.0650901049, 0.996110737, 0.0496108159, 0.996831298, -0.0621795729 );
      ["To"] = CFrame.new( -0.144927382, 0.126023173, -0.665740013, 0.996912181, -0.078512527, 0.00144864502, 0.0761117861, 0.970638812, 0.228182673, -0.0193213094, -0.227367789, 0.973617256 );
      ["Ht"] = CFrame.new( 0, 0, 0, 1, 0, 0, 0, 1, 0, 0, 0, 1 );
      ["Rm"] = CFrame.new( 0.680119276, -0.820016623, -0.0362084508, -0.997596741, -0.0531897396, 0.0444035381, 0.0467985645, -0.0446624421, 0.997905433, -0.0510950945, 0.997585177, 0.0470442399 );
      ["Lg"] = CFrame.new( 0.0220194459, 0.133863091, 0.0236383677, 0.379065096, 0.923541307, -0.0581480972, -0.92535609, 0.378656, -0.0183284059, 0.00509104878, 0.0607553348, 0.998139739 );
      ["Rg"] = CFrame.new( 0.902980387, -0.0305392742, 0.177944064, 0.603630066, 0.78190279, -0.155752316, -0.792711854, 0.609466553, -0.0125912977, 0.0850806683, 0.131067127, 0.98771596 );
      ["Hd"] = CFrame.new( 1.15483999e-07, -1.3038516e-08, 0.0182944536, 0.997517347, 0.0412204787, -0.0570969693, -0.0447275676, 0.997099996, -0.0615723468, 0.0543933436, 0.0639732853, 0.996468186 );
  }, 
  [2.2083332538605] = {
      ["Lm"] = CFrame.new( -0.843410134, -0.338131726, 0.131922841, -0.995201409, 0.059823852, -0.0774297044, -0.0676702261, 0.150767788, 0.986250401, 0.0706752986, 0.986757517, -0.145995989 );
      ["To"] = CFrame.new( -0.179658592, 0.235046506, -0.738437891, 0.994909763, -0.062055558, -0.0793956891, 0.0840876177, 0.945443571, 0.314747125, 0.05553234, -0.319821149, 0.945849121 );
      ["Ht"] = CFrame.new( 0, 0, 0, 1, 0, 0, 0, 1, 0, 0, 0, 1 );
      ["Rm"] = CFrame.new( 0.647341788, -0.946849465, -0.130037487, -0.990989447, -0.100358531, 0.0887027308, 0.103451923, -0.152864382, 0.98281759, -0.085074544, 0.983138263, 0.161869198 );
      ["Lg"] = CFrame.new( 0.101351701, 0.011892736, 0.0201306343, 0.25037536, 0.968044877, 0.0141945295, -0.967527211, 0.249662429, 0.0394941643, 0.0346882381, -0.0236220174, 0.999119043 );
      ["Rg"] = CFrame.new( 0.860423446, 0.077516377, 0.279097676, 0.488093048, 0.832330823, -0.262660712, -0.821011603, 0.539965808, 0.185410574, 0.296150833, 0.125149742, 0.946906745 );
      ["Hd"] = CFrame.new( 1.15483999e-07, 9.31322575e-08, 0.018294096, 0.996054292, 0.0428145081, -0.0777365416, -0.0470063724, 0.997491837, -0.0529190712, 0.0752758756, 0.05636435, 0.995568573 );
  }, 
  [0.58333331346512] = {
      ["Lm"] = CFrame.new( -0.821841955, -0.342074394, 0.0791592598, -0.99615705, 0.0617563799, -0.062107116, -0.0597414747, 0.0394428521, 0.997434378, 0.0640476793, 0.997311652, -0.0356019735 );
      ["To"] = CFrame.new( -0.115236253, 0.123172522, -0.585722446, 0.997533023, -0.0613765866, 0.0340701081, 0.0522008911, 0.973059952, 0.224565431, -0.0469353124, -0.222232968, 0.973863244 );
      ["Ht"] = CFrame.new( 0, 0, 0, 1, 0, 0, 0, 1, 0, 0, 0, 1 );
      ["Rm"] = CFrame.new( 0.68604064, -0.801394045, -0.0393016934, -0.998514116, -0.0442900136, 0.0317488164, 0.0320296884, -0.00564758154, 0.999470949, -0.0440872125, 0.999002814, 0.00705775432 );
      ["Lg"] = CFrame.new( -0.0236798078, 0.256118715, -0.00374597311, 0.510899127, 0.857077301, -0.0663375556, -0.853251576, 0.514980793, 0.0821992233, 0.104613625, 0.014607057, 0.994405746 );
      ["Rg"] = CFrame.new( 0.859144926, -0.0781772137, 0.145729303, 0.644585431, 0.753171384, -0.13131088, -0.763108134, 0.644302607, -0.0504006147, 0.046643693, 0.132691905, 0.990059257 );
      ["Hd"] = CFrame.new( 1.2293458e-07, 3.81842256e-08, 0.0182938576, 0.997965634, 0.0188104007, -0.0609173961, -0.0227219127, 0.997680485, -0.0641675368, 0.0595690757, 0.065421164, 0.996078193 );
  }, 
  [2.3333332538605] = {
      ["Lm"] = CFrame.new( -0.846802711, -0.336443722, 0.130111217, -0.994622231, 0.0620945692, -0.0828912631, -0.0690505207, 0.19894287, 0.977575481, 0.0771928057, 0.978041947, -0.193585306 );
      ["To"] = CFrame.new( -0.134271592, 0.220105767, -0.423752546, 0.996441305, -0.0464038737, -0.0703666806, 0.0643393099, 0.958046496, 0.279298007, 0.0544540398, -0.282831401, 0.957622647 );
      ["Ht"] = CFrame.new( 0, 0, 0, 1, 0, 0, 0, 1, 0, 0, 0, 1 );
      ["Rm"] = CFrame.new( 0.6274212, -1.03160882, -0.151991427, -0.988430083, -0.115935698, 0.0978002623, 0.120143704, -0.204869777, 0.971387684, -0.0925821066, 0.971898794, 0.216428384 );
      ["Lg"] = CFrame.new( -0.309959352, 0.835602403, 0.0343091488, 0.938516259, 0.342181146, 0.0458177216, -0.342880666, 0.93934375, 0.00814771652, -0.0402506441, -0.0233567469, 0.998916566 );
      ["Rg"] = CFrame.new( 0.533022583, 0.645842671, 0.242339134, 0.904454648, 0.245525211, -0.348825485, -0.248899609, 0.967864454, 0.0358825624, 0.346425891, 0.0543682873, 0.936500549 );
      ["Hd"] = CFrame.new( 9.31322575e-08, -4.56348062e-08, 0.0182944536, 0.997054219, -0.000845952076, -0.0766956434, 0.00313513353, 0.999553084, 0.0297321435, 0.0766362175, -0.0298850294, 0.996611178 );
  }, 
  [2.5416667461395] = {
      ["Lm"] = CFrame.new( -0.811384559, -0.392715871, 0.10533464, -0.995604098, 0.0935440809, -0.00469017401, 0.00238124118, 0.0753397122, 0.99715513, 0.0936313793, 0.992760599, -0.0752313361 );
      ["To"] = CFrame.new( -0.00867840648, 0.164631724, -0.908520222, 0.99510771, 0.0466701202, 0.0870779827, -0.0662566274, 0.96905309, 0.237794369, -0.0732852891, -0.242400482, 0.967404485 );
      ["Ht"] = CFrame.new( 0, 0, 0, 1, 0, 0, 0, 1, 0, 0, 0, 1 );
      ["Rm"] = CFrame.new( 0.686309218, -0.871255815, -0.0695018768, -0.996817887, -0.0776724741, 0.0179242957, 0.0246712212, -0.0867950991, 0.995920718, -0.0757998079, 0.993193746, 0.0884350836 );
      ["Lg"] = CFrame.new( -1.09155631, 0.480261326, -0.05520612, 0.706521094, -0.707691848, -0.000507217075, 0.696721137, 0.695442438, 0.17589657, -0.124127842, -0.124627933, 0.984408617 );
      ["Rg"] = CFrame.new( -0.0614053234, -0.138873339, 0.0175563097, 0.12208049, -0.992252886, -0.0230388902, 0.974601388, 0.124235049, -0.186327234, 0.187746003, 0.00029316009, 0.98221761 );
      ["Hd"] = CFrame.new( 8.7544322e-08, 5.07570803e-08, 0.0182943344, 0.983232737, -0.108496383, -0.146567762, 0.0965072662, 0.991558552, -0.0865909159, 0.154725373, 0.0709941164, 0.985403419 );
  }, 
  [2.4583332538605] = {
      ["Lm"] = CFrame.new( -0.833979368, -0.338225543, 0.108447194, -0.996735692, 0.074593395, -0.0308860987, -0.0188126918, 0.157441124, 0.987349212, 0.0785125494, 0.984707117, -0.155523986 );
      ["To"] = CFrame.new( -0.0539627597, 0.153274357, -0.643693686, 0.999589026, 0.0163494423, 0.0235468894, -0.0212993585, 0.973345995, 0.228350371, -0.0191858672, -0.228758067, 0.973294199 );
      ["Ht"] = CFrame.new( 0, 0, 0, 1, 0, 0, 0, 1, 0, 0, 0, 1 );
      ["Rm"] = CFrame.new( 0.658555448, -0.962914824, -0.0972728729, -0.99335444, -0.104762554, 0.0476627201, 0.0656589568, -0.17569007, 0.982253551, -0.0945294201, 0.978855371, 0.18140094 );
      ["Lg"] = CFrame.new( -1.02539527, 0.198867679, -0.0303906202, 0.73568517, -0.675872505, -0.0443137139, 0.677194178, 0.732689261, 0.0676348954, -0.0132444268, -0.0797669813, 0.996725559 );
      ["Rg"] = CFrame.new( -0.041549366, 0.0815328956, 0.0570596457, 0.488912761, -0.864443362, -0.117055416, 0.847282171, 0.502504647, -0.172052324, 0.207550421, -0.015060449, 0.978108406 );
      ["Hd"] = CFrame.new( 8.28877091e-08, -4.96511348e-08, 0.018294096, 0.985340834, -0.0834086835, -0.148817226, 0.0812798291, 0.996483743, -0.0203408673, 0.149990588, 0.00794685911, 0.988655508 );
  }, 
  [0.16666667163372] = {
      ["Lm"] = CFrame.new( -0.833980083, -0.338216841, 0.108309627, -0.996838868, 0.0736552477, -0.0297846235, -0.0178718455, 0.157397643, 0.98737359, 0.077413328, 0.984784782, -0.155583769 );
      ["To"] = CFrame.new( -0.0539976805, 0.153805077, -0.603264809, 0.999589205, 0.0164034329, 0.0235025864, -0.0213550236, 0.973186553, 0.229023799, -0.0191156231, -0.229431614, 0.973137081 );
      ["Ht"] = CFrame.new( 0, 0, 0, 1, 0, 0, 0, 1, 0, 0, 0, 1 );
      ["Rm"] = CFrame.new( 0.658717096, -0.962910771, -0.0972863436, -0.993314266, -0.105587006, 0.0466705635, 0.0648305491, -0.175706834, 0.982305586, -0.0955182761, 0.978763819, 0.181377307 );
      ["Lg"] = CFrame.new( -1.0047375, 0.168920636, -0.0294228196, 0.741146147, -0.669711888, -0.0467795245, 0.671282947, 0.738340616, 0.0650560781, -0.0090296464, -0.0796183646, 0.996784568 );
      ["Rg"] = CFrame.new( -0.116784669, -0.121050358, 0.0123542547, 0.397575408, -0.909448445, -0.121808767, 0.892603457, 0.41409117, -0.178290784, 0.212586269, -0.0378429554, 0.976409316 );
      ["Hd"] = CFrame.new( 8.47503543e-08, 2.88709998e-08, 0.0182944536, 0.984709322, -0.0835002586, -0.15289022, 0.0813011453, 0.996476948, -0.0205905642, 0.154070884, 0.00784553122, 0.988028705 );
  }, 
  [0.66666668653488] = {
      ["Lm"] = CFrame.new( -0.827808738, -0.333824486, 0.0652296543, -0.9967435, 0.0492579751, -0.063844882, -0.0592931472, 0.08890412, 0.994273782, 0.0546520613, 0.994821489, -0.085694015 );
      ["To"] = CFrame.new( -0.15943712, 0.139165521, -0.686193228, 0.996858239, -0.0715297535, -0.0340176225, 0.0777346194, 0.965925276, 0.246871844, 0.0151998, -0.248740569, 0.968450904 );
      ["Ht"] = CFrame.new( 0, 0, 0, 1, 0, 0, 0, 1, 0, 0, 0, 1 );
      ["Rm"] = CFrame.new( 0.674690127, -0.837076783, -0.0329474807, -0.99619776, -0.0649743751, 0.0580384545, 0.0631693751, -0.079918839, 0.994797885, -0.0599979088, 0.994681597, 0.083719261 );
      ["Lg"] = CFrame.new( 0.0769501328, -0.0523967743, 0.0191236734, 0.263479799, 0.964111328, -0.0326752663, -0.961860418, 0.259982109, -0.0850521177, -0.0735047609, 0.0538385175, 0.995840609 );
      ["Rg"] = CFrame.new( 0.928051829, -0.0053768158, 0.172146797, 0.572817385, 0.806355834, -0.147209242, -0.810721695, 0.583826959, 0.0433180891, 0.120874576, 0.0945323706, 0.988156378 );
      ["Hd"] = CFrame.new( 9.12696123e-08, -9.03382897e-08, 0.0182943344, 0.997578025, 0.0385229886, -0.057914678, -0.0432319306, 0.995662391, -0.0823854879, 0.0544897318, 0.084689714, 0.994916379 );
  }, 
  [2.6666667461395] = {
      ["Lm"] = CFrame.new( -0.768849969, -0.579644322, 0.105850577, -0.991327405, 0.130328089, -0.0168690477, -0.0280357264, -0.0843281895, 0.996043622, 0.128389969, 0.987878263, 0.0872506574 );
      ["To"] = CFrame.new( -0.0183722079, 0.146617115, -0.668550253, 0.988036931, 0.0655724779, 0.139582515, -0.0977018923, 0.966443837, 0.237572521, -0.119320452, -0.248367891, 0.96128875 );
      ["Ht"] = CFrame.new( 0, 0, 0, 1, 0, 0, 0, 1, 0, 0, 0, 1 );
      ["Rm"] = CFrame.new( 0.706351876, -0.742415309, -0.0555763245, -0.999301374, -0.0364392512, 0.00831464864, 0.00383748254, 0.121253684, 0.99261415, -0.0371782072, 0.991952538, -0.121029191 );
      ["Lg"] = CFrame.new( -0.913610995, 0.381541431, -0.035274148, 0.735242128, -0.67674315, 0.0379181057, 0.643488467, 0.714499533, 0.274614096, -0.212935746, -0.177507967, 0.960806668 );
      ["Rg"] = CFrame.new( 0.0483272299, 0.297166586, 0.0935844183, 0.513919353, -0.857726693, 0.0138509776, 0.846431434, 0.504395008, -0.170703009, 0.13943021, 0.0994514748, 0.985225201 );
      ["Hd"] = CFrame.new( 9.68575478e-08, -5.0291419e-08, 0.018294096, 0.988669872, -0.116300941, -0.0948996991, 0.108350061, 0.990469098, -0.0850375369, 0.103885151, 0.0737915784, 0.991848171 );
  }, 
  [2.5833332538605] = {
      ["Lm"] = CFrame.new( -0.795233548, -0.456484318, 0.104828954, -0.994375348, 0.105772309, -0.0054605538, -0.00379702402, 0.0159223974, 0.999866009, 0.105845146, 0.994262993, -0.015431283 );
      ["To"] = CFrame.new( 0.00020840764, 0.182040334, -0.955640793, 0.991691589, 0.0555254593, 0.116037607, -0.0823642015, 0.966974139, 0.241199404, -0.0988126621, -0.248752773, 0.963513434 );
      ["Ht"] = CFrame.new( 0, 0, 0, 1, 0, 0, 0, 1, 0, 0, 0, 1 );
      ["Rm"] = CFrame.new( 0.695734203, -0.820628345, -0.0631943345, -0.998016894, -0.0617553517, 0.0121963471, 0.0129324337, -0.0115344124, 0.999849856, -0.0616053492, 0.998024762, 0.0123101566 );
      ["Lg"] = CFrame.new( -1.08030891, 0.576506376, -0.093923986, 0.715496778, -0.698542833, 0.0101144332, 0.676845968, 0.696714103, 0.237632081, -0.173043087, -0.163179055, 0.971302629 );
      ["Rg"] = CFrame.new( -0.0442735925, -0.165024757, 0.0139180422, 0.0368051305, -0.999303758, 0.00612976961, 0.974363923, 0.0345228352, -0.222313017, 0.221946627, 0.0141548645, 0.974956095 );
      ["Hd"] = CFrame.new( 1.34110451e-07, -5.40167093e-08, 0.018294096, 0.986050785, -0.116368309, -0.119005352, 0.105433777, 0.989935577, -0.0943998694, 0.128792793, 0.0805358738, 0.98839587 );
  }, 
  [0.75] = {
      ["Lm"] = CFrame.new( -0.841575086, -0.335173994, 0.0618661642, -0.992449224, 0.0826605037, -0.0906186998, -0.0808057413, 0.115189418, 0.990051508, 0.092276521, 0.989898324, -0.107640281 );
      ["To"] = CFrame.new( -0.160150185, 0.164707124, -0.63940382, 0.99533391, -0.0581298284, -0.0770152956, 0.0779134855, 0.955025315, 0.286105216, 0.0569203049, -0.290770739, 0.955098152 );
      ["Ht"] = CFrame.new( 0, 0, 0, 1, 0, 0, 0, 1, 0, 0, 0, 1 );
      ["Rm"] = CFrame.new( 0.666061044, -0.858563423, -0.0272280574, -0.989772141, -0.094726637, 0.106667683, 0.117764585, -0.120535284, 0.985699117, -0.080514662, 0.988179266, 0.130457759 );
      ["Lg"] = CFrame.new( 0.114818297, -0.0695170164, -0.00842583179, 0.292394251, 0.955515385, 0.0386767201, -0.947856903, 0.294938058, -0.120742768, -0.126778826, -0.00135548762, 0.991930127 );
      ["Rg"] = CFrame.new( 0.916041195, -0.0237005949, 0.146842837, 0.541491151, 0.832151473, -0.119628817, -0.823577225, 0.553638577, 0.123309508, 0.168843403, 0.0317524895, 0.985131323 );
      ["Hd"] = CFrame.new( 7.63684511e-08, 7.17118382e-08, 0.018294096, 0.997576237, 0.0262632798, -0.0644358471, -0.0357335769, 0.98795855, -0.150536224, 0.0597063564, 0.152473912, 0.986502409 );
  }, 
  [2.7083332538605] = {
      ["Lm"] = CFrame.new( -0.765960097, -0.597622514, 0.105621576, -0.990301251, 0.137189582, -0.0219695307, -0.035583701, -0.0975867882, 0.994590759, 0.134303629, 0.985726118, 0.101521954 );
      ["To"] = CFrame.new( -0.0229254961, 0.13107419, -0.46569705, 0.988775194, 0.0491309352, 0.141102001, -0.0816087276, 0.968662262, 0.234591991, -0.125154465, -0.243473902, 0.961798728 );
      ["Ht"] = CFrame.new( 0, 0, 0, 1, 0, 0, 0, 1, 0, 0, 0, 1 );
      ["Rm"] = CFrame.new( 0.707018614, -0.73228991, -0.0514800549, -0.999466181, -0.0311574899, 0.00982747041, 0.00538449502, 0.139596388, 0.990193844, -0.0322237462, 0.989718139, -0.139354184 );
      ["Lg"] = CFrame.new( -0.855220139, 0.203971982, -0.0110182762, 0.74951601, -0.661906362, 0.0102911154, 0.637688577, 0.726091325, 0.257185876, -0.177705303, -0.186202392, 0.966307104 );
      ["Rg"] = CFrame.new( 0.230478942, 0.342954814, 0.0872311592, 0.81845808, -0.574558675, -0.00299474271, 0.568656981, 0.810774684, -0.138830081, 0.0821941495, 0.111923531, 0.990311682 );
      ["Hd"] = CFrame.new( 7.82310963e-08, -5.12227416e-09, 0.0182944536, 0.99017477, -0.108193055, -0.0885909051, 0.101432972, 0.991814494, -0.0775595009, 0.0962571204, 0.0678113997, 0.9930439 );
  }, 
  [0.70833331346512] = {
      ["Lm"] = CFrame.new( -0.832811236, -0.334150732, 0.0622980595, -0.995419979, 0.0629317909, -0.0719637871, -0.0648946315, 0.107946612, 0.992036462, 0.0701989383, 0.992162883, -0.103368305 );
      ["To"] = CFrame.new( -0.161767572, 0.157016039, -0.695389271, 0.995937586, -0.0625448078, -0.0647804216, 0.0779858679, 0.958768666, 0.273278087, 0.0450173095, -0.277219832, 0.959751427 );
      ["Ht"] = CFrame.new( 0, 0, 0, 1, 0, 0, 0, 1, 0, 0, 0, 1 );
      ["Rm"] = CFrame.new( 0.669472933, -0.852702022, -0.0298252106, -0.993801594, -0.0805969685, 0.0765680894, 0.0853013471, -0.111170754, 0.990133822, -0.071289584, 0.990527749, 0.117356628 );
      ["Lg"] = CFrame.new( 0.096512422, -0.0537955761, 0.00888705254, 0.257698178, 0.966217995, 0.00380868791, -0.962428212, 0.257032603, -0.0875569433, -0.0855780765, 0.0188977066, 0.996152222 );
      ["Rg"] = CFrame.new( 0.949538589, -0.000144004822, 0.154504895, 0.539409459, 0.832421958, -0.126929373, -0.828141332, 0.55172044, 0.0989274755, 0.152378947, 0.0517530143, 0.986966252 );
      ["Hd"] = CFrame.new( 7.82310963e-08, -5.86733222e-08, 0.0182942152, 0.997594357, 0.0307383277, -0.0621350259, -0.0385473035, 0.990938306, -0.128668174, 0.0576169267, 0.13075377, 0.989739299 );
  }, 
  [2.8333332538605] = {
      ["Lm"] = CFrame.new( -0.822876334, -0.359687418, 0.0892008543, -0.993465662, 0.0981786773, -0.0581977516, -0.0579012148, 0.00586941559, 0.998305082, 0.0983539224, 0.99515152, -0.000146512059 );
      ["To"] = CFrame.new( -0.0792714506, 0.120987892, -0.440529823, 0.99752599, -0.0139992982, 0.0688909739, -0.00163298252, 0.975092351, 0.221793264, -0.0702800155, -0.221357033, 0.972657084 );
      ["Ht"] = CFrame.new( 0, 0, 0, 1, 0, 0, 0, 1, 0, 0, 0, 1 );
      ["Rm"] = CFrame.new( 0.697639346, -0.758006215, -0.0394918323, -0.999153733, -0.0342176557, 0.0228279978, 0.0209526233, 0.0541977435, 0.998310328, -0.0353969708, 0.997943759, -0.0534350164 );
      ["Lg"] = CFrame.new( -0.0957457274, 0.344963789, -0.0321729779, 0.697835147, 0.71465987, -0.0478287116, -0.703642905, 0.69649148, 0.140664384, 0.133839428, -0.0645062104, 0.988901377 );
      ["Rg"] = CFrame.new( 0.823856592, 0.0030452013, 0.0939935446, 0.778067172, 0.624056935, -0.0718644485, -0.62816143, 0.773839474, -0.0811524019, 0.00496788975, 0.108284451, 0.994107604 );
      ["Hd"] = CFrame.new( 8.02683644e-08, 1.65891834e-09, 0.0182943344, 0.997171879, -0.0324737839, -0.067777954, 0.0278030708, 0.997246265, -0.0687526986, 0.0698239952, 0.0666738302, 0.995328784 );
  }, 
  [3.0416667461395] = {
      ["Lm"] = CFrame.new( -0.847454488, -0.340604544, 0.151812315, -0.994532704, 0.0640015379, -0.0825142935, -0.0698948652, 0.179094106, 0.981346011, 0.0775855258, 0.981747985, -0.173641637 );
      ["To"] = CFrame.new( -0.183384329, 0.26841718, -0.683477879, 0.99411881, -0.0528305285, -0.0945345685, 0.0821634829, 0.936610758, 0.340601653, 0.0705479309, -0.34636578, 0.935443103 );
      ["Ht"] = CFrame.new( 0, 0, 0, 1, 0, 0, 0, 1, 0, 0, 0, 1 );
      ["Rm"] = CFrame.new( 0.635394931, -0.996373773, -0.159454346, -0.988704145, -0.113281466, 0.0981403217, 0.118053615, -0.185160756, 0.97559154, -0.0923446342, 0.976157248, 0.1964425 );
      ["Lg"] = CFrame.new( 0.117317781, 0.0138270259, 0.0183290243, 0.297630876, 0.95354712, 0.0465168282, -0.954377413, 0.295954168, 0.0396844558, 0.0240740981, -0.0562058762, 0.99812901 );
      ["Rg"] = CFrame.new( 0.780534983, 0.0846287012, 0.310428977, 0.470394731, 0.827262223, -0.307190448, -0.801680803, 0.546104789, 0.24305892, 0.368831635, 0.131934926, 0.920085013 );
      ["Hd"] = CFrame.new( 1.2665987e-07, -6.05359674e-08, 0.0182942152, 0.995610952, 0.0353734121, -0.0866465867, -0.0394971892, 0.99814415, -0.0463498086, 0.0848462731, 0.0495685302, 0.995160341 );
  }, 
  [2.9583332538605] = {
      ["Lm"] = CFrame.new( -0.83272028, -0.333180904, 0.0903097391, -0.996477187, 0.0497407392, -0.0675208643, -0.0617033765, 0.110422134, 0.991967618, 0.0567970648, 0.992639422, -0.106964029 );
      ["To"] = CFrame.new( -0.167054474, 0.168824553, -0.716066599, 0.996552646, -0.0722373798, -0.0407994092, 0.0804551765, 0.961487353, 0.262809932, 0.0202434156, -0.265186459, 0.963984609 );
      ["Ht"] = CFrame.new( 0, 0, 0, 1, 0, 0, 0, 1, 0, 0, 0, 1 );
      ["Rm"] = CFrame.new( 0.663943768, -0.882315695, -0.0659288764, -0.995193899, -0.0735559091, 0.0646429956, 0.071924597, -0.101084486, 0.992274642, -0.0664531663, 0.992154956, 0.105889045 );
      ["Lg"] = CFrame.new( 0.0469726473, 0.113521218, 0.0301027298, 0.327983022, 0.944270074, -0.0279504284, -0.94369489, 0.326142877, -0.0554162897, -0.0432121567, 0.0445522815, 0.998072028 );
      ["Rg"] = CFrame.new( 0.901828468, 0.0257722139, 0.225250602, 0.549836755, 0.810329437, -0.202597916, -0.816133142, 0.572820783, 0.0761781186, 0.177781776, 0.123461306, 0.976294518 );
      ["Hd"] = CFrame.new( 7.07805157e-08, -8.38190317e-09, 0.0182942152, 0.997153342, 0.0409049131, -0.0633418635, -0.0444351323, 0.997476935, -0.0553650372, 0.0609173439, 0.0580220446, 0.996455073 );
  }, 
  [0.79166668653488] = {
      ["Lm"] = CFrame.new( -0.854079783, -0.357903451, 0.0661065578, -0.985515356, 0.0954309478, -0.140187442, -0.129132494, 0.113559626, 0.985103607, 0.109929055, 0.988937497, -0.0995915979 );
      ["To"] = CFrame.new( -0.147971451, 0.162092865, -0.543523312, 0.996529162, -0.0560337715, -0.0615613759, 0.0703352243, 0.962328017, 0.262636065, 0.0445257537, -0.266054422, 0.96292913 );
      ["Ht"] = CFrame.new( 0, 0, 0, 1, 0, 0, 0, 1, 0, 0, 0, 1 );
      ["Rm"] = CFrame.new( 0.663374364, -0.858719468, -0.0254765749, -0.981165171, -0.102825262, 0.163529769, 0.174434677, -0.107916586, 0.978737235, -0.0829912573, 0.988828123, 0.123820171 );
      ["Lg"] = CFrame.new( -0.0193790458, 0.380981088, 0.0348470211, 0.643857121, 0.761649489, 0.0730630234, -0.753006041, 0.647688568, -0.116110012, -0.135757253, 0.0197413918, 0.990545511 );
      ["Rg"] = CFrame.new( 0.859181941, -0.0275259018, 0.131361961, 0.609670699, 0.784667552, -0.112242311, -0.779242873, 0.619254231, 0.0964614227, 0.145196766, 0.0286542606, 0.988987803 );
      ["Hd"] = CFrame.new( 1.09896064e-07, -8.94069672e-08, 0.0182944536, 0.997835696, 0.0198642928, -0.0626860783, -0.027461756, 0.992055416, -0.122768, 0.0597493686, 0.124223828, 0.99045366 );
  }, 
  [0.875] = {
      ["Lm"] = CFrame.new( -0.878620028, -0.473113418, 0.0877841711, -0.946897566, 0.0877961665, -0.309316844, -0.302133352, 0.0861636177, 0.949363649, 0.110002391, 0.992404997, -0.0550621152 );
      ["To"] = CFrame.new( -0.105486088, 0.113788635, -0.277835369, 0.998470962, -0.0547467545, -0.00765058538, 0.0552787334, 0.988879025, 0.13806732, 6.76690615e-06, -0.13827911, 0.9903934 );
      ["Ht"] = CFrame.new( 0, 0, 0, 1, 0, 0, 0, 1, 0, 0, 0, 1 );
      ["Rm"] = CFrame.new( 0.657262743, -0.839881539, -0.0233106017, -0.941814423, -0.0927310288, 0.323089182, 0.328205466, -0.0461698845, 0.943477452, -0.072572574, 0.994620264, 0.0739181116 );
      ["Lg"] = CFrame.new( -0.302556545, 0.355127513, -0.0102390647, 0.974481225, 0.177183151, 0.137813389, -0.180383787, 0.983534932, 0.0109914094, -0.133596838, -0.0355702601, 0.990397215 );
      ["Rg"] = CFrame.new( 0.594342768, 0.0142469406, 0.126820803, 0.824749529, 0.544110417, -0.154051766, -0.546806395, 0.836787939, 0.0280860756, 0.144190654, 0.0610724688, 0.987663567 );
      ["Hd"] = CFrame.new( 8.4284693e-08, -1.25728548e-08, 0.0182944536, 0.998285055, 0.00722876238, -0.0580932125, -0.00917806383, 0.999401331, -0.0333580896, 0.0578172989, 0.0338340439, 0.99775368 );
  }, 
  [0.20833332836628] = {
      ["Lm"] = CFrame.new( -0.823721468, -0.354747534, 0.106682539, -0.996391475, 0.0843125135, -0.00977897178, 0.000402252481, 0.119901821, 0.992785752, 0.0848768502, 0.989199221, -0.119503096 );
      ["To"] = CFrame.new( -0.0303049386, 0.1449368, -0.793232679, 0.997888684, 0.0367277749, 0.0535669327, -0.0481881611, 0.971643567, 0.231488004, -0.0435459241, -0.23358053, 0.971361876 );
      ["Ht"] = CFrame.new( 0, 0, 0, 1, 0, 0, 0, 1, 0, 0, 0, 1 );
      ["Rm"] = CFrame.new( 0.675823033, -0.914663315, -0.0795876384, -0.995416164, -0.0920495987, 0.0259563103, 0.0386994667, -0.139481023, 0.989468217, -0.0874596834, 0.985937059, 0.142403886 );
      ["Lg"] = CFrame.new( -1.07440901, 0.326669872, -0.0133897066, 0.703649044, -0.710541844, -0.00292422133, 0.705767214, 0.698432326, 0.11868009, -0.0822848231, -0.0855729505, 0.992928326 );
      ["Rg"] = CFrame.new( -0.0785323232, -0.106296062, 0.0203491449, 0.258639276, -0.964454591, -0.0541588776, 0.953838348, 0.2638475, -0.143446818, 0.152637675, -0.0145578943, 0.988175035 );
      ["Hd"] = CFrame.new( 1.00582838e-07, -4.69153747e-08, 0.0182938576, 0.980936885, -0.100142404, -0.166536719, 0.0910337418, 0.993948579, -0.0614760779, 0.171685234, 0.045143649, 0.984117031 );
  }, 
  [0.83333331346512] = {
      ["Lm"] = CFrame.new( -0.867978692, -0.416257858, 0.0767146349, -0.968780339, 0.0940748006, -0.229378983, -0.219613716, 0.103686012, 0.970061421, 0.115041792, 0.990151107, -0.0797889382 );
      ["To"] = CFrame.new( -0.121180087, 0.146291137, -0.421246767, 0.998097122, -0.0551587418, -0.0275651179, 0.0595619753, 0.978093624, 0.199462458, 0.0159591697, -0.200724706, 0.979517698 );
      ["Ht"] = CFrame.new( 0, 0, 0, 1, 0, 0, 0, 1, 0, 0, 0, 1 );
      ["Rm"] = CFrame.new( 0.660193384, -0.854505599, -0.0245243311, -0.962961018, -0.101195335, 0.24993141, 0.25813207, -0.0780621991, 0.962950766, -0.0779358372, 0.991799355, 0.101292543 );
      ["Lg"] = CFrame.new( -0.252516687, 0.528848648, 0.0116569996, 0.917920828, 0.383129001, 0.103120029, -0.381616533, 0.923665285, -0.0348054692, -0.108583398, -0.00740362704, 0.994059801 );
