anim= {   [0] = {
      ["Lm"] = CFrame.new( 0.398569465, 0.126026273, 0.229197025, -0.211856037, -0.115088671, 0.970500767, -0.148976758, -0.977633357, -0.148455441, 0.965879381, -0.176033229, 0.1899717 );
      ["To"] = CFrame.new( 0, 0.541224599, -0.140601158, 1, 0, -8.74227766e-08, 3.10339843e-08, 0.934871078, 0.354987413, 8.17290271e-08, -0.354987413, 0.934871078 );
      ["Ht"] = CFrame.new( 0, 0, 0, 1, 0, 0, 0, 1, 0, 0, 0, 1 );
      ["Rm"] = CFrame.new( -0.363505483, 0.244752288, 0.0873910189, -0.29955557, 0.26032415, -0.917876899, 0.23959893, -0.910698414, -0.336483032, -0.923503518, -0.320717692, 0.210431352 );
      ["Lg"] = CFrame.new( 0.318251669, -0.458198786, 0.158077717, -0.595584512, -0.802648902, -0.0321557634, 0.786079407, -0.590597332, 0.182412073, -0.165403932, 0.083364822, 0.982696295 );
      ["Rg"] = CFrame.new( 0.144811645, 0.00437498093, -0.0132830143, 0.969747245, -0.215628207, -0.114432327, 0.212713555, 0.976404488, -0.0372444168, 0.119763181, 0.0117763598, 0.992732644 );
      ["Hd"] = CFrame.new( 8.74227624e-08, 1.1920929e-07, -3.57627869e-07, 1, -1.77635684e-15, 0, 0, 1, 0, 0, 0, 1 );
  }, 
  [0.60869562625885] = {
      ["Lm"] = CFrame.new( 0.398569465, 0.126026273, 0.229197025, -0.211856037, -0.115088671, 0.970500767, -0.148976758, -0.977633357, -0.148455441, 0.965879381, -0.176033229, 0.1899717 );
      ["To"] = CFrame.new( 0, 0.541224599, -0.140601158, 1, 0, -8.74227766e-08, 3.10339843e-08, 0.934871078, 0.354987413, 8.17290271e-08, -0.354987413, 0.934871078 );
      ["Ht"] = CFrame.new( 0, 0, 0, 1, 0, 0, 0, 1, 0, 0, 0, 1 );
      ["Rm"] = CFrame.new( -0.363505483, 0.244752288, 0.0873910189, -0.29955557, 0.26032415, -0.917876899, 0.23959893, -0.910698414, -0.336483032, -0.923503518, -0.320717692, 0.210431352 );
      ["Lg"] = CFrame.new( 0.318251669, -0.458198786, 0.158077717, -0.595584512, -0.802648902, -0.0321557634, 0.786079407, -0.590597332, 0.182412073, -0.165403932, 0.083364822, 0.982696295 );
      ["Rg"] = CFrame.new( 0.144811645, 0.00437498093, -0.0132830143, 0.969747245, -0.215628207, -0.114432327, 0.212713555, 0.976404488, -0.0372444168, 0.119763181, 0.0117763598, 0.992732644 );
      ["Hd"] = CFrame.new( 8.74227624e-08, 1.1920929e-07, -3.57627869e-07, 1, -1.77635684e-15, 0, 0, 1, 0, 0, 0, 1 );
  }, 
  [0.58695650100708] = {
      ["Lm"] = CFrame.new( 0.386033952, 0.108443975, 0.227702141, -0.206846923, -0.101648167, 0.973078668, -0.153313905, -0.978933334, -0.134849668, 0.966286361, -0.177079752, 0.186905384 );
      ["To"] = CFrame.new( 0, 0.496653467, -0.15924263, 1, 0, -8.74227766e-08, 2.91949753e-08, 0.942590237, 0.333951592, 8.2403858e-08, -0.333951592, 0.942590237 );
      ["Ht"] = CFrame.new( 0, 0, 0, 1, 0, 0, 0, 1, 0, 0, 0, 1 );
      ["Rm"] = CFrame.new( -0.348570883, 0.224175513, 0.0844678879, -0.29113549, 0.246590406, -0.924355626, 0.246099964, -0.914389908, -0.321443558, -0.924486279, -0.321067572, 0.205525443 );
      ["Lg"] = CFrame.new( 0.268766463, -0.508337498, 0.0591183901, -0.485160887, -0.874422193, -0.00218193792, 0.872449338, -0.484230906, 0.0659740642, -0.058745753, 0.0301044043, 0.997818947 );
      ["Rg"] = CFrame.new( 0.421989202, 0.119290471, 0.0221467018, 0.990715981, -0.0745353252, -0.113694176, 0.0706467107, 0.99678266, -0.037861336, 0.116150364, 0.0294777006, 0.992794156 );
      ["Hd"] = CFrame.new( 8.74227979e-08, 0, 0, 1, 0, 3.55271368e-15, 0, 1, 0, 3.55271368e-15, 0, 1 );
  }, 
  [0.15217390656471] = {
      ["Lm"] = CFrame.new( 0.303183258, -0.00160890818, 0.218356013, -0.170517683, 0.0230967253, 0.985083997, -0.184563041, -0.982780397, -0.00890509877, 0.967915416, -0.183328599, 0.171844184 );
      ["To"] = CFrame.new( 0, -0.0321442634, -0.691087723, 1, 0, -8.74227766e-08, 1.13923599e-08, 0.99147284, 0.130313411, 8.66773107e-08, -0.130313411, 0.99147284 );
      ["Ht"] = CFrame.new( 0, 0, 0, 1, 0, 0, 0, 1, 0, 0, 0, 1 );
      ["Rm"] = CFrame.new( -0.249557793, 0.096280694, 0.0661547184, -0.22934328, 0.109522544, -0.967164218, 0.291707724, -0.940241933, -0.175646409, -0.928605497, -0.32241258, 0.183689415 );
      ["Lg"] = CFrame.new( -0.58499372, -0.236343145, 0.0728558302, 0.203203768, -0.977879822, 0.0495908186, 0.976995945, 0.205846503, 0.0557342581, -0.0647095144, 0.0371246189, 0.997213364 );
      ["Rg"] = CFrame.new( 0.448217601, 0.203049779, 0.111338735, 0.637576342, 0.756469667, -0.145774454, -0.758203804, 0.649676383, 0.0552066043, 0.136468351, 0.0753283203, 0.987776399 );
      ["Hd"] = CFrame.new( 8.74227908e-08, -1.49011612e-08, -5.96046448e-08, 1, -8.8817842e-16, -2.33146835e-15, 0, 1, 0, -2.33146835e-15, 0, 1 );
  }, 
  [0.021739130839705] = {
      ["Lm"] = CFrame.new( 0.375831485, 0.146726549, 0.228850484, -0.205679595, -0.100193143, 0.973476887, -0.15557386, -0.978747368, -0.133605763, 0.966174304, -0.178927571, 0.185720846 );
      ["To"] = CFrame.new( 0, 0.495701462, -0.182300806, 1, 0, -8.74227766e-08, 3.22185407e-08, 0.929612994, 0.368537158, 8.12693486e-08, -0.368537158, 0.929612994 );
      ["Ht"] = CFrame.new( 0, 0, 0, 1, 0, 0, 0, 1, 0, 0, 0, 1 );
      ["Rm"] = CFrame.new( -0.336415529, 0.262119591, 0.0864441395, -0.289572358, 0.245351285, -0.925175965, 0.24920854, -0.91392529, -0.320367754, -0.924144447, -0.323331565, 0.20350413 );
      ["Lg"] = CFrame.new( 0.364811122, -0.363938093, 0.248921037, -0.621413112, -0.780832708, -0.0643899217, 0.735543311, -0.60972327, 0.295319676, -0.26985532, 0.136153966, 0.953226209 );
      ["Rg"] = CFrame.new( 0.0665176511, -0.0044760704, -0.0126703978, 0.986338675, -0.124751404, -0.107578948, 0.122734718, 0.99211967, -0.0251934696, 0.109874122, 0.0116456142, 0.993877292 );
      ["Hd"] = CFrame.new( 8.74227482e-08, 0, -5.96046448e-08, 1, -3.55271368e-15, -7.99360578e-15, 0, 1, 0, -8.8817842e-16, 0, 1 );
  }, 
  [0.043478261679411] = {
      ["Lm"] = CFrame.new( 0.326575279, 0.190958202, 0.227769256, -0.190920189, -0.0631268546, 0.979573607, -0.170784861, -0.980573654, -0.0964775085, 0.966634393, -0.185715944, 0.176430449 );
      ["To"] = CFrame.new( 0, 0.425363421, -0.266204357, 1, 0, -8.74227766e-08, 3.16273585e-08, 0.93226552, 0.361774802, 8.15012413e-08, -0.361774802, 0.93226552 );
      ["Ht"] = CFrame.new( 0, 0, 0, 1, 0, 0, 0, 1, 0, 0, 0, 1 );
      ["Rm"] = CFrame.new( -0.277769029, 0.29931438, 0.0837289095, -0.265480042, 0.207449079, -0.941533446, 0.271130174, -0.921100497, -0.279396445, -0.925207376, -0.329452336, 0.188287944 );
      ["Lg"] = CFrame.new( 0.379545271, -0.341238141, 0.266310573, -0.640712917, -0.763747156, -0.0785949305, 0.710511208, -0.628600538, 0.316283673, -0.290965587, 0.146804437, 0.945403457 );
      ["Rg"] = CFrame.new( 0.303698301, 0.0631109476, 0.0172046423, 0.992811561, 0.0610004067, -0.102976948, -0.0634012669, 0.99778372, -0.0202017128, 0.101516411, 0.0265853666, 0.994478583 );
      ["Hd"] = CFrame.new( 8.74227624e-08, 5.96046448e-08, -1.1920929e-07, 1, 0, 5.32907052e-15, 0, 1, 0, -1.77635684e-15, 0, 1 );
  }, 
  [0.086956523358822] = {
      ["Lm"] = CFrame.new( 0.301269412, 0.182118356, 0.224397659, -0.176488042, -0.016925456, 0.984157264, -0.185201287, -0.981423259, -0.0500904545, 0.966722608, -0.191107631, 0.170074895 );
      ["To"] = CFrame.new( 0, 0.234691635, -0.478655577, 1, 0, -8.74227766e-08, 2.62649582e-08, 0.95380193, 0.300436109, 8.33840161e-08, -0.300436109, 0.95380193 );
      ["Ht"] = CFrame.new( 0, 0, 0, 1, 0, 0, 0, 1, 0, 0, 0, 1 );
      ["Rm"] = CFrame.new( -0.247934997, 0.28652513, 0.0768680573, -0.241022915, 0.158594012, -0.957473695, 0.291109115, -0.929317355, -0.227210656, -0.925831199, -0.333492398, 0.177818611 );
      ["Lg"] = CFrame.new( 0.218233213, -0.435408711, 0.19177115, -0.598793566, -0.799760461, -0.0427725203, 0.773804069, -0.591481984, 0.226663738, -0.206575796, 0.102627203, 0.973033547 );
      ["Rg"] = CFrame.new( 0.623017967, 0.300256312, 0.0592035055, 0.908646941, 0.405819833, -0.0983414575, -0.408503473, 0.912721872, -0.00798073504, 0.0865196809, 0.0474245064, 0.995120764 );
      ["Hd"] = CFrame.new( 8.74227837e-08, 5.96046448e-08, -1.1920929e-07, 1, -1.77635684e-15, 2.66453526e-15, 0, 1, 0, 2.66453526e-15, 0, 1 );
  }, 
  [0.17391304671764] = {
      ["Lm"] = CFrame.new( 0.297999769, -0.00167939067, 0.21742928, -0.170523107, 0.0679515302, 0.983007908, -0.184563145, -0.982165635, 0.0358770043, 0.967914462, -0.175309181, 0.180023134 );
      ["To"] = CFrame.new( 0, -0.0728913248, -0.64829731, 1, 0, -8.74227766e-08, 6.62306565e-09, 0.997126162, 0.0757590383, 8.71715358e-08, -0.0757590383, 0.997126162 );
      ["Ht"] = CFrame.new( 0, 0, 0, 1, 0, 0, 0, 1, 0, 0, 0, 1 );
      ["Rm"] = CFrame.new( -0.242052644, 0.0973960161, 0.0646511316, -0.229351148, 0.0445770547, -0.972322524, 0.291706592, -0.949886024, -0.112356082, -0.928604007, -0.30940181, 0.204853714 );
      ["Lg"] = CFrame.new( -0.744860053, 0.449022293, 0.0514559746, 0.656339645, -0.752558529, 0.0536085963, 0.752701759, 0.658006072, 0.0216410775, -0.0515609644, 0.0261473861, 0.998327494 );
      ["Rg"] = CFrame.new( 0.205630973, 0.101468861, 0.116644263, 0.60001564, 0.781818867, -0.169530332, -0.780900598, 0.618412614, 0.0880913883, 0.173711255, 0.0795301497, 0.981580019 );
      ["Hd"] = CFrame.new( 8.74227695e-08, 2.88709998e-08, 0, 1, 4.4408921e-16, 2.22044605e-16, 0, 1, 0, 2.22044605e-16, 0, 1 );
  }, 
  [0.34782609343529] = {
      ["Lm"] = CFrame.new( 0.33475405, 0.0337688923, 0.225119233, -0.183503926, -0.0191875696, 0.982831776, -0.176086515, -0.982996643, -0.0520678386, 0.967119455, -0.182618096, 0.177005127 );
      ["To"] = CFrame.new( 0, 0.41355288, -0.422507763, 1, 0, -8.74227766e-08, 3.05349737e-08, 0.937018633, 0.349279404, 8.19167738e-08, -0.349279404, 0.937018633 );
      ["Ht"] = CFrame.new( 0, 0, 0, 1, 0, 0, 0, 1, 0, 0, 0, 1 );
      ["Rm"] = CFrame.new( -0.284789562, 0.141697824, 0.0790399313, -0.254207313, 0.163225204, -0.953276515, 0.278839797, -0.931432307, -0.233842328, -0.926081598, -0.32525599, 0.191263646 );
      ["Lg"] = CFrame.new( -0.602296352, 0.12450093, 0.0302280188, 0.984824181, -0.168235049, 0.0426413007, 0.168730676, 0.985627353, -0.00828085374, -0.0406353101, 0.0153500885, 0.99905616 );
      ["Rg"] = CFrame.new( -0.0360556878, -0.331053495, 0.201225996, -0.57011342, 0.821361482, 0.0183329061, -0.793997049, -0.556577206, 0.244521171, 0.211043969, 0.124848478, 0.96947062 );
      ["Hd"] = CFrame.new( 8.74227553e-08, 1.1920929e-07, -2.38418579e-07, 1, -1.77635684e-15, 5.32907052e-15, 0, 1, 0, -1.77635684e-15, 0, 1 );
  }, 
  [0.56521737575531] = {
      ["Lm"] = CFrame.new( 0.352827996, 0.0623785257, 0.223802209, -0.193170831, -0.0628859252, 0.979147792, -0.164879411, -0.981672049, -0.0955762565, 0.967212379, -0.179903939, 0.179261982 );
      ["To"] = CFrame.new( 0, 0.367527127, -0.221164227, 1, 0, -8.74227766e-08, 2.3859517e-08, 0.962036431, 0.272921056, 8.41038954e-08, -0.272921056, 0.962036431 );
      ["Ht"] = CFrame.new( 0, 0, 0, 1, 0, 0, 0, 1, 0, 0, 0, 1 );
      ["Rm"] = CFrame.new( -0.308980137, 0.170346618, 0.0768353939, -0.268084377, 0.206114873, -0.941088438, 0.263256103, -0.923994303, -0.277363718, -0.926729202, -0.322104305, 0.193447769 );
      ["Lg"] = CFrame.new( 0.195926964, -0.435056686, 0.0410431623, -0.158495277, -0.987268984, 0.0133940605, 0.986316919, -0.157689989, 0.0480926409, -0.0453682616, 0.0208332483, 0.998753071 );
      ["Rg"] = CFrame.new( 0.666588426, 0.347086132, 0.057300806, 0.991157353, 0.0705980062, -0.112352096, -0.0753808841, 0.996395707, -0.0389015265, 0.109200768, 0.0470267311, 0.99290669 );
      ["Hd"] = CFrame.new( 8.74227837e-08, -2.98023224e-08, 2.38418579e-07, 1, 0, 2.66453526e-15, 0, 1, 0, 2.66453526e-15, 0, 1 );
  }, 
  [0.54347825050354] = {
      ["Lm"] = CFrame.new( 0.318511039, 0.0161548853, 0.219903708, -0.178189665, -0.0145091396, 0.983889163, -0.17729263, -0.983053982, -0.0466058664, 0.967892528, -0.182741001, 0.172597677 );
      ["To"] = CFrame.new( 0, 0.205399394, -0.317564964, 1, 0, -8.74227766e-08, 1.71801311e-08, 0.980500281, 0.196517795, 8.57180567e-08, -0.196517795, 0.980500281 );
      ["Ht"] = CFrame.new( 0, 0, 0, 1, 0, 0, 0, 1, 0, 0, 0, 1 );
      ["Rm"] = CFrame.new( -0.267987877, 0.116544127, 0.0691964626, -0.242672205, 0.153508827, -0.957885861, 0.281322032, -0.933836162, -0.220925242, -0.928422451, -0.323086739, 0.183430523 );
      ["Lg"] = CFrame.new( 0.254809082, -0.237953305, 0.0278254747, 0.258036375, -0.965699077, 0.0290258452, 0.964361608, 0.259266049, 0.0528010502, -0.0585153326, 0.0143668074, 0.998183131 );
      ["Rg"] = CFrame.new( 0.801842451, 0.623165131, 0.0844289064, 0.972258329, 0.204692692, -0.113201328, -0.210089684, 0.976948321, -0.0378732532, 0.102839455, 0.0606050119, 0.992850006 );
      ["Hd"] = CFrame.new( 8.74227695e-08, 2.98023224e-08, -1.1920929e-07, 1, 0, 8.8817842e-16, 0, 1, 0, 8.8817842e-16, 0, 1 );
  }, 
  [0.45652174949646] = {
      ["Lm"] = CFrame.new( 0.303183258, -0.00160890818, 0.218356013, -0.170517683, 0.0230967253, 0.985083997, -0.184563041, -0.982780397, -0.00890509877, 0.967915416, -0.183328599, 0.171844184 );
      ["To"] = CFrame.new( 0, -0.0321442634, -0.691087723, 1, 0, -8.74227766e-08, 1.13923599e-08, 0.99147284, 0.130313411, 8.66773107e-08, -0.130313411, 0.99147284 );
      ["Ht"] = CFrame.new( 0, 0, 0, 1, 0, 0, 0, 1, 0, 0, 0, 1 );
      ["Rm"] = CFrame.new( -0.249557793, 0.096280694, 0.0661547184, -0.22934328, 0.109522544, -0.967164218, 0.291707724, -0.940241933, -0.175646409, -0.928605497, -0.32241258, 0.183689415 );
      ["Lg"] = CFrame.new( -0.695518732, -0.0526938438, 0.0603255033, 0.53953433, -0.840306103, 0.052804593, 0.840474486, 0.541248322, 0.0255545732, -0.0500540622, 0.0305933356, 0.998277843 );
      ["Rg"] = CFrame.new( 0.570115864, 1.43326318, 0.0298240185, 0.741743803, 0.66967845, -0.0367008112, -0.670407474, 0.741897106, -0.0119387135, 0.0192331225, 0.0334599726, 0.999255002 );
      ["Hd"] = CFrame.new( 8.74227908e-08, -1.49011612e-08, -5.96046448e-08, 1, -8.8817842e-16, -2.33146835e-15, 0, 1, 0, -2.33146835e-15, 0, 1 );
  }, 
  [0.5] = {
      ["Lm"] = CFrame.new( 0.299618363, -0.00165760517, 0.217864156, -0.169704959, 0.0539458953, 0.984017313, -0.185745105, -0.982355714, 0.0218209252, 0.967832148, -0.179073319, 0.176730722 );
      ["To"] = CFrame.new( 0, -0.0165042654, -0.538437128, 1, 0, -8.74227766e-08, 8.24915336e-09, 0.995538235, 0.0943593159, 8.7032717e-08, -0.0943593159, 0.995538235 );
      ["Ht"] = CFrame.new( 0, 0, 0, 1, 0, 0, 0, 1, 0, 0, 0, 1 );
      ["Rm"] = CFrame.new( -0.244591534, 0.0970169306, 0.0653488636, -0.227818251, 0.0665464699, -0.971427023, 0.293374598, -0.946609557, -0.133648351, -0.92845583, -0.315439582, 0.19613193 );
      ["Lg"] = CFrame.new( -0.156487912, -0.445240259, 0.0536462069, 0.363966227, -0.929910123, 0.0528746806, 0.928445816, 0.366749138, 0.0590219498, -0.0742768496, 0.0276092663, 0.996855378 );
      ["Rg"] = CFrame.new( 0.814672232, 1.09994614, 0.0931923389, 0.895232797, 0.433131546, -0.104667254, -0.437420458, 0.899010718, -0.021049941, 0.0849795714, 0.0646281838, 0.994284511 );
      ["Hd"] = CFrame.new( 8.74227837e-08, 7.4505806e-09, 2.38418579e-07, 1, 0, 6.21724894e-15, 0, 1, 0, -8.8817842e-16, 0, 1 );
  }, 
  [0.10869564861059] = {
      ["Lm"] = CFrame.new( 0.303153872, 0.1049577, 0.221808314, -0.174177334, -0.00948113576, 0.984668612, -0.185890064, -0.98165822, -0.0423341878, 0.967009366, -0.190413892, 0.169220418 );
      ["To"] = CFrame.new( 0, 0.141191542, -0.56799531, 1, 0, -8.74227766e-08, 2.23604673e-08, 0.966736615, 0.255773932, 8.45148023e-08, -0.255773932, 0.966736615 );
      ["Ht"] = CFrame.new( 0, 0, 0, 1, 0, 0, 0, 1, 0, 0, 0, 1 );
      ["Rm"] = CFrame.new( -0.2502051, 0.206317663, 0.0721322298, -0.237005219, 0.151746646, -0.959583998, 0.292152554, -0.930873811, -0.219364583, -0.926539481, -0.332335621, 0.176289216 );
      ["Lg"] = CFrame.new( -0.00257124007, -0.428680778, 0.163596034, -0.493462443, -0.869636178, -0.015091639, 0.850241065, -0.485967755, 0.202300727, -0.183262095, 0.086996302, 0.979207158 );
      ["Rg"] = CFrame.new( 0.638058662, 0.328534007, 0.0717617273, 0.820239127, 0.562684596, -0.102926649, -0.565227211, 0.824918091, 0.00531755155, 0.0878981873, 0.0538152754, 0.994674742 );
      ["Hd"] = CFrame.new( 8.74227837e-08, 0, 0, 1, -1.77635684e-15, 2.22044605e-15, 0, 1, 0, 2.22044605e-15, 0, 1 );
  }, 
  [0.21739129722118] = {
      ["Lm"] = CFrame.new( 0.303183258, -0.00160825253, 0.218356013, -0.170517698, 0.0230967235, 0.985083938, -0.184563041, -0.982780337, -0.00890509784, 0.967915416, -0.183328584, 0.171844169 );
      ["To"] = CFrame.new( 0, 0.0791285485, -0.418595076, 1, 0, -8.74227766e-08, 1.20892496e-08, 0.990392506, 0.138284892, 8.65828653e-08, -0.138284892, 0.990392506 );
      ["Ht"] = CFrame.new( 0, 0, 0, 1, 0, 0, 0, 1, 0, 0, 0, 1 );
      ["Rm"] = CFrame.new( -0.249557763, 0.0962813497, 0.0661547184, -0.22934331, 0.109522551, -0.967164218, 0.291707754, -0.940241933, -0.175646439, -0.928605497, -0.32241258, 0.183689401 );
      ["Lg"] = CFrame.new( -0.638776898, 0.699084759, 0.068452239, 0.993088067, -0.0998192728, 0.0617436878, 0.10173659, 0.994396627, -0.0287232567, -0.0585305877, 0.0348063186, 0.997678638 );
      ["Rg"] = CFrame.new( -0.223206371, 0.0606749058, 0.0530133247, 0.508258879, 0.854926109, -0.10379976, -0.851925433, 0.516762674, 0.0847314894, 0.126078963, 0.0453641117, 0.990982473 );
      ["Hd"] = CFrame.new( 8.74227908e-08, 2.98023224e-08, -5.96046448e-08, 1, 0, 2.77555756e-15, 0, 1, 0, 2.77555756e-15, 0, 1 );
  }, 
  [0.13043478131294] = {
      ["Lm"] = CFrame.new( 0.3047176, 0.0278376937, 0.219523549, -0.172660798, 0.000739008363, 0.984981, -0.184923217, -0.982242227, -0.0316789337, 0.967466712, -0.187615648, 0.169731602 );
      ["To"] = CFrame.new( 0, 0.0461806059, -0.654550314, 1, 0, -8.74227766e-08, 1.72269559e-08, 0.980392754, 0.197053403, 8.57086562e-08, -0.197053403, 0.980392754 );
      ["Ht"] = CFrame.new( 0, 0, 0, 1, 0, 0, 0, 1, 0, 0, 0, 1 );
      ["Rm"] = CFrame.new( -0.251849681, 0.126304805, 0.0681025982, -0.234006181, 0.139485449, -0.962177277, 0.29134798, -0.934113145, -0.206274346, -0.927554607, -0.328597873, 0.177949324 );
      ["Lg"] = CFrame.new( -0.288600773, -0.409395456, 0.0989824533, -0.177031219, -0.983660758, 0.0327363238, 0.979108214, -0.172636107, 0.107442982, -0.100035988, 0.0510731712, 0.993672132 );
      ["Rg"] = CFrame.new( 0.590065777, 0.295152426, 0.0886634588, 0.721022427, 0.682857335, -0.117611878, -0.685287118, 0.727852046, 0.0247577019, 0.102510035, 0.0627470464, 0.992751002 );
      ["Hd"] = CFrame.new( 8.74227766e-08, 2.98023224e-08, 1.1920929e-07, 1, 1.77635684e-15, -1.77635684e-15, 0, 1, 0, -1.77635684e-15, 0, 1 );
  }, 
  [0.26086956262589] = {
      ["Lm"] = CFrame.new( 0.333313555, 0.0292230844, 0.226591229, -0.191906482, -0.0215631779, 0.981176376, -0.170565933, -0.98381114, -0.0549817905, 0.966477752, -0.177906692, 0.185121939 );
      ["To"] = CFrame.new( 0, 0.435629308, -0.163135767, 1, 0, -8.74227766e-08, 2.69768048e-08, 0.951198816, 0.30857867, 8.31564435e-08, -0.30857867, 0.951198816 );
      ["Ht"] = CFrame.new( 0, 0, 0, 1, 0, 0, 0, 1, 0, 0, 0, 1 );
      ["Rm"] = CFrame.new( -0.286242694, 0.140132725, 0.082303524, -0.266971171, 0.169810578, -0.948625803, 0.270543545, -0.931562245, -0.242895022, -0.924950063, -0.321490586, 0.202759236 );
      ["Lg"] = CFrame.new( -0.578470707, 0.11626792, 0.0137654543, 0.992929101, 0.115911201, 0.0256206207, -0.115688577, 0.993235111, -0.0100122243, -0.0266078264, 0.00697741471, 0.99962163 );
      ["Rg"] = CFrame.new( -0.130966872, -0.335909843, 0.0762006044, -0.13234286, 0.990176618, -0.04511787, -0.988075495, -0.128174707, 0.0853117406, 0.0786907226, 0.0558702461, 0.995332241 );
      ["Hd"] = CFrame.new( 8.74227624e-08, -8.94069672e-08, 0, 1, 0, 3.55271368e-15, 0, 1, 0, 3.55271368e-15, 0, 1 );
  }, 
  [0.52173912525177] = {
      ["Lm"] = CFrame.new( 0.303183258, -0.00160825253, 0.218356013, -0.170517698, 0.0230967235, 0.985083938, -0.184563041, -0.982780337, -0.00890509784, 0.967915416, -0.183328584, 0.171844169 );
      ["To"] = CFrame.new( 0, 0.0791285485, -0.418595076, 1, 0, -8.74227766e-08, 1.20892496e-08, 0.990392506, 0.138284892, 8.65828653e-08, -0.138284892, 0.990392506 );
      ["Ht"] = CFrame.new( 0, 0, 0, 1, 0, 0, 0, 1, 0, 0, 0, 1 );
      ["Rm"] = CFrame.new( -0.249557763, 0.0962813497, 0.0661547184, -0.22934331, 0.109522551, -0.967164218, 0.291707754, -0.940241933, -0.175646439, -0.928605497, -0.32241258, 0.183689401 );
      ["Lg"] = CFrame.new( 0.258696854, -0.143644452, 0.0174812078, 0.473748744, -0.879652143, 0.0421213135, 0.877772987, 0.475524932, 0.0582292154, -0.0712511837, 0.0093869362, 0.997414291 );
      ["Rg"] = CFrame.new( 0.835655093, 0.858041286, 0.101247072, 0.939249516, 0.322510123, -0.117463246, -0.328221411, 0.944041133, -0.0325115584, 0.100404806, 0.0690903887, 0.992544949 );
      ["Hd"] = CFrame.new( 8.74227908e-08, 2.98023224e-08, -5.96046448e-08, 1, 0, 2.77555756e-15, 0, 1, 0, 2.77555756e-15, 0, 1 );
  }, 
  [0.23913043737411] = {
      ["Lm"] = CFrame.new( 0.313809127, 0.00823587179, 0.221008778, -0.178214625, -3.98158845e-05, 0.983991802, -0.178943083, -0.98332417, -0.032448899, 0.967584074, -0.181861356, 0.175235286 );
      ["To"] = CFrame.new( 0, 0.241626307, -0.286560535, 1, 0, -8.74227766e-08, 1.87897271e-08, 0.976629615, 0.214929417, 8.53796749e-08, -0.214929417, 0.976629615 );
      ["Ht"] = CFrame.new( 0, 0, 0, 1, 0, 0, 0, 1, 0, 0, 0, 1 );
      ["Rm"] = CFrame.new( -0.262698501, 0.110055745, 0.0713888407, -0.243227571, 0.141335443, -0.959616959, 0.283356279, -0.935818315, -0.209650651, -0.927658141, -0.322906286, 0.187568396 );
      ["Lg"] = CFrame.new( -0.764437973, 0.428595722, 0.0537401438, 0.99844569, -0.0187164675, 0.0524971932, 0.0201174188, 0.999452055, -0.0262860097, -0.0519764498, 0.0273012649, 0.998275101 );
      ["Rg"] = CFrame.new( -0.171225652, -0.0770289898, 0.059669733, 0.259756982, 0.963106513, -0.0703721493, -0.961257279, 0.264843345, 0.0764360651, 0.0922536403, 0.0477909371, 0.994588017 );
      ["Hd"] = CFrame.new( 8.74227837e-08, -2.98023224e-08, 1.1920929e-07, 1, 0, 1.02140518e-14, 0, 1, 0, 3.10862447e-15, 0, 1 );
  }, 
  [0.47826087474823] = {
      ["Lm"] = CFrame.new( 0.297999769, -0.00167939067, 0.21742928, -0.170523107, 0.0679515302, 0.983007908, -0.184563145, -0.982165635, 0.0358770043, 0.967914462, -0.175309181, 0.180023134 );
      ["To"] = CFrame.new( 0, -0.0728913248, -0.64829731, 1, 0, -8.74227766e-08, 6.62306565e-09, 0.997126162, 0.0757590383, 8.71715358e-08, -0.0757590383, 0.997126162 );
      ["Ht"] = CFrame.new( 0, 0, 0, 1, 0, 0, 0, 1, 0, 0, 0, 1 );
      ["Rm"] = CFrame.new( -0.242052644, 0.0973960161, 0.0646511316, -0.229351148, 0.0445770547, -0.972322524, 0.291706592, -0.949886024, -0.112356082, -0.928604007, -0.30940181, 0.204853714 );
      ["Lg"] = CFrame.new( -0.548511863, -0.393898129, 0.0697883368, 0.386372983, -0.920557499, 0.0573569126, 0.920164824, 0.388985485, 0.0445765331, -0.0633462667, 0.0355546288, 0.997358143 );
      ["Rg"] = CFrame.new( 0.679376125, 1.37831545, 0.0512161255, 0.852523744, 0.518668473, -0.0647023693, -0.52031827, 0.853905976, -0.0106569203, 0.04972234, 0.0427511036, 0.997847736 );
      ["Hd"] = CFrame.new( 8.74227695e-08, 2.88709998e-08, 0, 1, 4.4408921e-16, 2.22044605e-16, 0, 1, 0, 2.22044605e-16, 0, 1 );
  }, 
  [0.43478259444237] = {
      ["Lm"] = CFrame.new( 0.308377594, 0.00308477879, 0.218942881, -0.1721659, 0.0057409103, 0.985051274, -0.183948129, -0.982580781, -0.0264237076, 0.967740715, -0.185747623, 0.170222804 );
      ["To"] = CFrame.new( 0, 0.036683917, -0.693967342, 1, 0, -8.74227766e-08, 1.53920183e-08, 0.984378695, 0.176064163, 8.60571205e-08, -0.176064163, 0.984378695 );
      ["Ht"] = CFrame.new( 0, 0, 0, 1, 0, 0, 0, 1, 0, 0, 0, 1 );
      ["Rm"] = CFrame.new( -0.254852027, 0.101110697, 0.0670856237, -0.232460395, 0.129922047, -0.963889301, 0.290447593, -0.936543167, -0.196283177, -0.928225398, -0.325587392, 0.179973707 );
      ["Lg"] = CFrame.new( -0.68958199, 0.266961396, 0.0520788431, 0.721032023, -0.691000164, 0.0512994491, 0.691389322, 0.72237283, 0.0125921173, -0.0457584895, 0.0263885651, 0.99860394 );
      ["Rg"] = CFrame.new( 0.725794017, 1.15709579, -0.0120710135, 0.288015097, 0.943152487, -0.165863812, -0.864996612, 0.330540061, 0.377523899, 0.410887122, 0.0347390734, 0.911024153 );
      ["Hd"] = CFrame.new( 8.74227624e-08, -2.98023224e-08, -1.78813934e-07, 1, 0, 1.33226763e-15, 0, 1, 0, 1.33226763e-15, 0, 1 );
  }, 
  [0.4130434691906] = {
      ["Lm"] = CFrame.new( 0.316984951, 0.0145798326, 0.22006011, -0.172981054, -9.20891907e-05, 0.98492521, -0.184005246, -0.982390881, -0.0324084647, 0.967584491, -0.186837494, 0.16991815 );
      ["To"] = CFrame.new( 0, 0.13774097, -0.67476511, 1, 0, -8.74227766e-08, 1.89509421e-08, 0.976221919, 0.21677351, 8.53440341e-08, -0.21677351, 0.976221919 );
      ["Ht"] = CFrame.new( 0, 0, 0, 1, 0, 0, 0, 1, 0, 0, 0, 1 );
      ["Rm"] = CFrame.new( -0.263150096, 0.114151835, 0.0690764189, -0.234298348, 0.136460051, -0.962539852, 0.290336907, -0.935092151, -0.203241691, -0.927797854, -0.327080041, 0.179471195 );
      ["Lg"] = CFrame.new( -0.646203101, 0.444327533, 0.047380209, 0.858888566, -0.509475291, 0.052396249, 0.510032296, 0.860149562, 0.00313084875, -0.0466637053, 0.0240347292, 0.998621523 );
      ["Rg"] = CFrame.new( 0.79507947, 0.572194457, 0.0418435335, -0.0813381076, 0.996346474, -0.0260352343, -0.949344933, -0.0694932193, 0.306455493, 0.30352661, 0.0496429279, 0.951528907 );
      ["Hd"] = CFrame.new( 8.74227766e-08, -2.98023224e-08, -3.57627869e-07, 1, -1.77635684e-15, 2.66453526e-15, 0, 1, 0, 2.66453526e-15, 0, 1 );
  }, 
  [0.39130434393883] = {
      ["Lm"] = CFrame.new( 0.324131548, 0.023686409, 0.221378326, -0.1740776, -0.00474154856, 0.984720588, -0.183033735, -0.982406855, -0.0370868854, 0.967572093, -0.186693102, 0.170146868 );
      ["To"] = CFrame.new( 0, 0.23361823, -0.623499155, 1, 0, -8.74227766e-08, 2.23604673e-08, 0.966736615, 0.255773932, 8.45148023e-08, -0.255773932, 0.966736615 );
      ["Ht"] = CFrame.new( 0, 0, 0, 1, 0, 0, 0, 1, 0, 0, 0, 1 );
      ["Rm"] = CFrame.new( -0.270654261, 0.125329018, 0.0715690851, -0.237176105, 0.142433897, -0.960968435, 0.288987547, -0.934067547, -0.209771588, -0.92748791, -0.327460617, 0.180376559 );
      ["Lg"] = CFrame.new( -0.648345828, 0.433959007, 0.0484851599, 0.928110659, -0.368300229, 0.0544572808, 0.369089842, 0.929380953, -0.00486677326, -0.0488191321, 0.0246165376, 0.998504221 );
      ["Rg"] = CFrame.new( 0.433545738, -0.114160299, 0.146344066, -0.446450531, 0.89479357, 0.00513735041, -0.87122798, -0.435987651, 0.225558639, 0.204068258, 0.0962249637, 0.974216044 );
      ["Hd"] = CFrame.new( 8.74227908e-08, 2.98023224e-08, -5.96046448e-08, 1, -1.77635684e-15, 2.22044605e-15, 0, 1, 0, 2.22044605e-15, 0, 1 );
  }, 
  [0.36956521868706] = {
      ["Lm"] = CFrame.new( 0.329539925, 0.0291694403, 0.222993612, -0.177290261, -0.0120979268, 0.984084308, -0.1803395, -0.982594132, -0.0445691831, 0.967494607, -0.185370967, 0.17202282 );
      ["To"] = CFrame.new( 0, 0.325041294, -0.539279938, 1, 0, -8.74227766e-08, 2.64926197e-08, 0.952977777, 0.303040236, 8.331196e-08, -0.303040236, 0.952977777 );
      ["Ht"] = CFrame.new( 0, 0, 0, 1, 0, 0, 0, 1, 0, 0, 0, 1 );
      ["Rm"] = CFrame.new( -0.277411789, 0.133437276, 0.074754715, -0.243552193, 0.152609244, -0.95780623, 0.285143375, -0.932633817, -0.221105024, -0.927025199, -0.326962709, 0.183629319 );
      ["Lg"] = CFrame.new( -0.661516547, 0.30759269, 0.04568398, 0.961153805, -0.270917445, 0.0527939126, 0.271753043, 0.962322891, -0.00921230577, -0.048309017, 0.0232013445, 0.998562932 );
      ["Rg"] = CFrame.new( 0.161437631, -0.285160422, 0.170305967, -0.542788625, 0.839766681, 0.0131369326, -0.817997754, -0.532135248, 0.218430534, 0.190421298, 0.107815616, 0.975764096 );
      ["Hd"] = CFrame.new( 8.7422741e-08, 8.94069672e-08, 1.1920929e-07, 1, 1.77635684e-15, 0, 0, 1, 0, 0, 0, 1 );
  }, 
  [0.30434781312943] = {
      ["Lm"] = CFrame.new( 0.341413319, 0.0385847688, 0.228708625, -0.196160182, -0.0282733999, 0.980164289, -0.168060213, -0.983824313, -0.0620128959, 0.966062605, -0.176891118, 0.188235343 );
      ["To"] = CFrame.new( 0, 0.510525346, -0.187178373, 1, 0, -8.74227766e-08, 3.18941886e-08, 0.931075335, 0.364826977, 8.13971894e-08, -0.364826977, 0.931075335 );
      ["Ht"] = CFrame.new( 0, 0, 0, 1, 0, 0, 0, 1, 0, 0, 0, 1 );
      ["Rm"] = CFrame.new( -0.295530796, 0.152910471, 0.0863837004, -0.274558127, 0.178036496, -0.944944859, 0.266622305, -0.930082202, -0.252704591, -0.923867047, -0.3213256, 0.207893208 );
      ["Lg"] = CFrame.new( -0.115050234, -0.0742734671, 1.74045563e-05, 0.968872845, 0.246901333, 0.0180327203, -0.246857584, 0.969040692, -0.00464744307, -0.0186218992, 5.12672159e-05, 0.99982661 );
      ["Rg"] = CFrame.new( -0.177150562, -0.376466274, 0.180940151, -0.451484323, 0.892077446, -0.0189683307, -0.873523712, -0.4375588, 0.213304073, 0.181983978, 0.112872735, 0.976801753 );
      ["Hd"] = CFrame.new( 8.74227695e-08, 0, 0, 1, 1.77635684e-15, -1.77635684e-15, 0, 1, 0, -1.77635684e-15, 0, 1 );
  }, 
  [0.32608696818352] = {
      ["Lm"] = CFrame.new( 0.338937223, 0.0369531512, 0.227242708, -0.190750912, -0.0248872675, 0.981323004, -0.17143634, -0.983470798, -0.0582657978, 0.966552436, -0.179348722, 0.18333146 );
      ["To"] = CFrame.new( 0, 0.469047546, -0.308303356, 1, 0, -8.74227766e-08, 3.20168176e-08, 0.930524468, 0.366229713, 8.1349036e-08, -0.366229713, 0.930524468 );
      ["Ht"] = CFrame.new( 0, 0, 0, 1, 0, 0, 0, 1, 0, 0, 0, 1 );
      ["Rm"] = CFrame.new( -0.291339755, 0.148643196, 0.0833722353, -0.265994698, 0.172339439, -0.948444009, 0.271800727, -0.930560946, -0.245317444, -0.924862742, -0.323040903, 0.200681984 );
      ["Lg"] = CFrame.new( -0.358893126, -0.0548635721, 0.00983917713, 0.99903357, 0.0335372053, 0.0284125786, -0.0333803222, 0.999424875, -0.00597932655, -0.0285967663, 0.00502512837, 0.999578416 );
      ["Rg"] = CFrame.new( -0.145559803, -0.291475177, 0.262406707, -0.538088858, 0.842758596, 0.0147823412, -0.79561764, -0.51362437, 0.321220815, 0.278304189, 0.161084235, 0.946888983 );
      ["Hd"] = CFrame.new( 8.74227979e-08, -5.96046448e-08, -1.1920929e-07, 1, -1.77635684e-15, -8.8817842e-16, 0, 1, 0, -8.8817842e-16, 0, 1 );
  }, 
  [0.19565217196941] = {
      ["Lm"] = CFrame.new( 0.299907625, -0.00164368749, 0.217871666, -0.169949219, 0.0514429845, 0.984109163, -0.18537125, -0.982478201, 0.0193452761, 0.967860937, -0.179137871, 0.176507547 );
      ["To"] = CFrame.new( 0, -0.0212556869, -0.543087959, 1, 0, -8.74227837e-08, 8.01337396e-09, 0.995790243, 0.091662325, 8.70547368e-08, -0.091662325, 0.995790243 );
      ["Ht"] = CFrame.new( 0, 0, 0, 1, 0, 0, 0, 1, 0, 0, 0, 1 );
      ["Rm"] = CFrame.new( -0.244839266, 0.0970004797, 0.0653448105, -0.228124186, 0.0686898232, -0.971206009, 0.292872757, -0.946468353, -0.135732368, -0.928539157, -0.31540364, 0.195794985 );
      ["Lg"] = CFrame.new( -0.548320413, 0.844676137, 0.0518510342, 0.950553119, -0.305480093, 0.055952739, 0.30646047, 0.951834381, -0.00965990685, -0.0503068231, 0.0263295565, 0.998386741 );
      ["Rg"] = CFrame.new( -0.0616489761, 0.0514327884, 0.0798510313, 0.57073307, 0.80884856, -0.141519427, -0.805580139, 0.58493036, 0.094325088, 0.159073681, 0.0601707436, 0.985431492 );
      ["Hd"] = CFrame.new( 8.74227695e-08, -1.49011612e-08, 1.1920929e-07, 1, 0, 9.43689571e-16, 8.88178526e-16, 1, 0, 9.43689571e-16, 0, 1 );
  }, 
  [0.28260868787766] = {
      ["Lm"] = CFrame.new( 0.342159808, 0.0390200019, 0.229197025, -0.198040992, -0.0292971581, 0.979755878, -0.166903958, -0.983948171, -0.0631592572, 0.965879381, -0.176033214, 0.189971745 );
      ["To"] = CFrame.new( 0, 0.521973968, -0.123523235, 1, 0, -8.74227766e-08, 3.10339843e-08, 0.934871078, 0.354987413, 8.17290271e-08, -0.354987413, 0.934871078 );
      ["Ht"] = CFrame.new( 0, 0, 0, 1, 0, 0, 0, 1, 0, 0, 0, 1 );
      ["Rm"] = CFrame.new( -0.296864271, 0.154231668, 0.0873912573, -0.277493894, 0.179821789, -0.943748593, 0.264836699, -0.929948509, -0.255063176, -0.923503518, -0.320717663, 0.210431278 );
      ["Lg"] = CFrame.new( -0.164474562, -0.0263930559, 2.68220901e-05, 0.957542777, 0.287920833, 0.0146062877, -0.287886769, 0.957654178, -0.00443534041, -0.015264797, 4.20712531e-05, 0.999883533 );
      ["Rg"] = CFrame.new( -0.170251623, -0.432074904, 0.112417936, -0.353531063, 0.934879422, -0.0318798088, -0.929053783, -0.346949786, 0.128394082, 0.108972311, 0.0750093684, 0.991210699 );
      ["Hd"] = CFrame.new( 8.74227908e-08, 0, 2.38418579e-07, 1, -1.77635684e-15, 0, 0, 1, 0, 0, 0, 1 );
  }, 
  [0.065217390656471] = {
      ["Lm"] = CFrame.new( 0.301993191, 0.211607218, 0.226330757, -0.180596858, -0.0322716907, 0.983027697, -0.181303665, -0.981242001, -0.06552127, 0.966702461, -0.190059409, 0.171357676 );
      ["To"] = CFrame.new( 0, 0.334598124, -0.371418238, 1, 0, -8.74227766e-08, 2.96009208e-08, 0.940932214, 0.338595062, 8.22589072e-08, -0.338595062, 0.940932214 );
      ["Ht"] = CFrame.new( 0, 0, 0, 1, 0, 0, 0, 1, 0, 0, 0, 1 );
      ["Rm"] = CFrame.new( -0.248625815, 0.316942632, 0.0805848837, -0.248185709, 0.174706355, -0.952828288, 0.285884529, -0.926584423, -0.244359538, -0.925566852, -0.333045334, 0.180019036 );
      ["Lg"] = CFrame.new( 0.345965177, -0.394994736, 0.222582221, -0.641890049, -0.764140129, -0.063773483, 0.728574216, -0.633711517, 0.259979576, -0.239074796, 0.120414592, 0.963505864 );
      ["Rg"] = CFrame.new( 0.514922678, 0.192329407, 0.0425959826, 0.967046618, 0.234340131, -0.09952721, -0.237044945, 0.971365035, -0.0161134377, 0.092901215, 0.0391748734, 0.994904399 );
      ["Hd"] = CFrame.new( 8.74227695e-08, 5.96046448e-08, 0, 1, 0, 1.77635663e-15, 0, 1, 0, 1.77635684e-15, 0, 1 )}
}
counter= {   0,
  0.021739130839705,
  0.043478261679411,
  0.065217390656471,
  0.086956523358822,
  0.10869564861059,
  0.13043478131294,
  0.15217390656471,
  0.17391304671764,
  0.19565217196941,
  0.21739129722118,
  0.23913043737411,
  0.26086956262589,
  0.28260868787766,
  0.30434781312943,
  0.32608696818352,
  0.34782609343529,
  0.36956521868706,
  0.39130434393883,
  0.4130434691906,
  0.43478259444237,
  0.45652174949646,
  0.47826087474823,
  0.5,
  0.52173912525177,
  0.54347825050354,
  0.56521737575531,
  0.58695650100708,
  0.60869562625885}
count = 0
char=game.Players.LocalPlayer.Character.Dummy
hhhh=game.Players.LocalPlayer.Character.Dummy.Humanoid.Animator
hhhh.Parent = nil
for _,v in pairs(char.Humanoid:GetPlayingAnimationTracks()) do
    v:Stop()
end

local kkk = Instance.new("Sound", game.Players.LocalPlayer.Character.Dummy.Head)
kkk.SoundId = "rbxassetid://1100552247"
kkk.Looped = true
kkk.Volume = 4
kkk:Play()
game.Players.LocalPlayer.Character.Dummy.Humanoid.WalkSpeed = 50
while wait() do
for i,v in pairs(counter) do
v=anim[v]
if v["Lg"] then
    char.Torso["Left Hip"].Transform = v["Lg"]
end
if v["Rg"] then
    char.Torso["Right Hip"].Transform = v["Rg"]
end
if v["Lm"] then
    char.Torso["Left Shoulder"].Transform = v["Lm"]
end
if v["Rm"] then
    char.Torso["Right Shoulder"].Transform = v["Rm"]
end
if v["To"] then
    char.HumanoidRootPart["RootJoint"].Transform = v["To"]
end
if v["Hd"] then
    char.Torso["Neck"].Transform = v["Hd"]
end
game.RunService.RenderStepped:wait()
end
end
