--neko v1
--Converted with ttyyuu12345's model to script plugin v4
function sandbox(var,func)
	local env = getfenv(func)
	local newenv = setmetatable({},{
		__index = function(self,k)
			if k=="script" then
				return var
			else
				return env[k]
			end
		end,
	})
	setfenv(func,newenv)
	return func
end
cors = {}
mas = Instance.new("Model",game:GetService("Lighting"))
Folder0 = Instance.new("Folder")
Pants1 = Instance.new("Pants")
Accessory2 = Instance.new("Accessory")
Part3 = Instance.new("Part")
SpecialMesh4 = Instance.new("SpecialMesh")
Vector3Value5 = Instance.new("Vector3Value")
Weld6 = Instance.new("Weld")
StringValue7 = Instance.new("StringValue")
Decal8 = Instance.new("Decal")
Decal9 = Instance.new("Decal")
Decal10 = Instance.new("Decal")
Folder0.Name = "Catshint"
Folder0.Parent = mas
Pants1.Name = "Pants"
Pants1.Parent = Folder0
Pants1.PantsTemplate = "rbxassetid://2523505941"
Accessory2.Name = "Tail"
Accessory2.Parent = Folder0
Accessory2.AttachmentPoint = CFrame.new(-0.200000003, 2.0999999, -1.79999995, 1, 0, 0, 0, 1, 0, 0, 0, 1)
Accessory2.AttachmentPos = Vector3.new(-0.200000003, 2.0999999, -1.79999995)
Part3.Name = "Handle"
Part3.Parent = Accessory2
Part3.CFrame = CFrame.new(-2.25498724, 1.01499975, 1.67499793, -1.00000024, -1.66042554e-07, 1.1920929e-07, -1.7790066e-07, 1, 4.26325641e-14, -1.49011612e-07, -1.94256629e-08, -1.00000012)
Part3.Orientation = Vector3.new(0, 180, 0)
Part3.Position = Vector3.new(-2.25498724, 1.01499975, 1.67499793)
Part3.Rotation = Vector3.new(-180, 0, 180)
Part3.Size = Vector3.new(0.990025878, 2.02999926, 2.45000172)
Part3.BottomSurface = Enum.SurfaceType.Smooth
Part3.CanCollide = false
Part3.TopSurface = Enum.SurfaceType.Smooth
Part3.FormFactor = Enum.FormFactor.Custom
Part3.formFactor = Enum.FormFactor.Custom
SpecialMesh4.Parent = Part3
SpecialMesh4.MeshId = "http://www.roblox.com/asset/?id=170939831"
SpecialMesh4.TextureId = "http://www.roblox.com/asset/?id=170939093"
SpecialMesh4.MeshType = Enum.MeshType.FileMesh
Vector3Value5.Name = "OriginalSize"
Vector3Value5.Parent = Part3
Vector3Value5.Value = Vector3.new(0.990025878, 2.02999926, 2.45000172)
Weld6.Name = "AccessoryWeld"
Weld6.Parent = Part3
Weld6.C0 = CFrame.new(-0.199999884, -0.900000334, -2.30027223, 1, 0, 0, 0, 1, 0, 0, 0, 1)
Weld6.C1 = CFrame.new(-1.32219867e-07, -0.199972257, -0.50000006, 1, 0, 0, 0, 1, 0, 0, 0, 1)
Weld6.Part0 = Part3
StringValue7.Name = "owner"
StringValue7.Parent = Folder0
Decal8.Name = "Blush"
Decal8.Parent = Folder0
Decal9.Name = "Eyes"
Decal9.Parent = Folder0
Decal9.Texture = "rbxassetid://3656713670"
Decal10.Name = "Mouth"
Decal10.Parent = Folder0
Decal10.Texture = "rbxassetid://2801594973"
for i,v in pairs(mas:GetChildren()) do
	v.Parent = game:GetService("Players").LocalPlayer.Backpack
	pcall(function() v:MakeJoints() end)
end
mas:Destroy()
for i,v in pairs(cors) do
	spawn(function()
		pcall(v)
	end)
end
    RemoteEvent = Instance.new("RemoteEvent")
RemoteEvent.Name = "PlayerWaiting.."
RemoteEvent.Parent = game.ReplicatedStorage
local ids = {12222152, 1540443426, 1043479800, 610726103}
local a = Instance.new("Sound", workspace)
a.Volume = 0
for i,v in pairs(ids) do
	a.SoundId = "rbxassetid://"..v
	while a.TimeLength == 0 do
		wait()
	end
end
a:Destroy()
Debris = game:GetService("Debris")
PhysicsService = game:GetService("PhysicsService")
TweenService = game:GetService("TweenService")
success, failure = pcall(function()
	PhysicsService:CreateCollisionGroup("TopLimbs")
	PhysicsService:CreateCollisionGroup("BottomLimbs")
	PhysicsService:CreateCollisionGroup("BignSmallLimbs")
	PhysicsService:CollisionGroupSetCollidable("TopLimbs", "BignSmallLimbs", false)
	PhysicsService:CollisionGroupSetCollidable("BottomLimbs", "BignSmallLimbs", false)
end)
interruptingaction = false
Character = game.Players.LocalPlayer.Character.Dummy
Playerr = game.Players.LocalPlayer
Tail = nil

RShoulder = game.Players.LocalPlayer.Character.Dummy.Torso["Right Shoulder"]
LShoulder = game.Players.LocalPlayer.Character.Dummy.Torso["Right Shoulder"]
RHip = game.Players.LocalPlayer.Character.Dummy.Torso["Right Hip"]
LHip = game.Players.LocalPlayer.Character.Dummy.Torso["Left Hip"]
Neck = game.Players.LocalPlayer.Character.Dummy.Torso["Neck"]
RJoint = game.Players.LocalPlayer.Character.Dummy.HumanoidRootPart["RootJoint"]
timesraped = 0
slave = nil

shiftdown = false
walking = false
running = false
action = false
enabled = false
shotavailable = true
GunEquipped = false
shoutplaying = false
shooting = false
music = false
freefall = false
grabbed = false
song = nil
aro = false
on = "true"

Orange = Color3.new(244 / 255, 119 / 255, 70 / 255)

Gun = Instance.new("Part")
Gun.Size = Vector3.new(1, 0.4, 1)
Gun.CanCollide = false

GunMesh = Instance.new("SpecialMesh")
GunMesh.MeshId = "http://www.roblox.com/asset/?id=4372594"
GunMesh.Scale = Vector3.new(1.2, 1.2, 1.2)
GunMesh.VertexColor = Vector3.new(1, 1, 1)

GunGradient = Instance.new("Decal")
GunGradient.Color3 = Color3.new(1, 1, 1)
GunGradient.Texture = "http://www.roblox.com/asset/?id=156579757"
GunGradient.Face = "Top"

GunWeld = Instance.new("Weld")
GunWeld.C1 = CFrame.new(0, 0, 0, 1, 0, 0, 0, 1, 0, 0, 0, 1)
GunWeld.C0 = CFrame.new(0.00025177002, -1.30018997, 4.76837158e-05, 1.00000012, -4.7326088e-05, 8.3854422e-05, -8.38935375e-05, 9.13441181e-06, 1, -4.73186374e-05, -1, 9.13441181e-06)

GunMesh.Parent = Gun
GunGradient.Parent = Gun
GunWeld.Parent = Gun

Explosion1 = Instance.new("Part")
Explosion1.Shape = "Ball"
Explosion1.Transparency = 0.4
Explosion1.Color = Color3.new(226/255, 155/255, 64/255)
Explosion1.Size = Vector3.new(20.65, 20.65, 20.65)
Explosion1.CanCollide = false
Explosion1.Material = "SmoothPlastic"
Explosion1.Anchored = true
Explosion2 = Instance.new("Part")
Explosion2.Shape = "Ball"
Explosion2.Transparency = 0.5
Explosion2.Color = Color3.new(140/255, 140/255, 22/255)
Explosion2.Size = Vector3.new(15.05, 15.05, 15.05)
Explosion2.CanCollide = false
Explosion2.Material = "SmoothPlastic"
Explosion2.Anchored = true

SightModel = Instance.new("Model")
SightModel.Name = "LaserSight"

GunHole = Instance.new("Part")
GunHole.Shape = "Cylinder"
GunHole.Material = "SmoothPlastic"
GunHole.Size = Vector3.new(0.15, 0.1, 0.1)
GunHole.CanCollide = false
GunHole.Anchored = false
GunHole.Color = Color3.new(17/255, 17/255, 17/255)
GunHole.Parent = SightModel
GunSightBall = Instance.new("Part")
GunSightBall.Shape = "Ball"
GunSightBall.Material = "SmoothPlastic"
GunSightBall.Size = Vector3.new(0.35, 0.35, 0.35)
GunSightBall.CanCollide = false
GunSightBall.Anchored = false
GunSightBall.Color = Color3.new(99/255, 95/255, 98/255)
GunSightBall.Parent = SightModel

GunSightCylinder = Instance.new("Part")
GunSightCylinder.Shape = "Cylinder"
GunSightCylinder.Material = "SmoothPlastic"
GunSightCylinder.Size = Vector3.new(0.35, 0.35, 0.35)
GunSightCylinder.CanCollide = false
GunSightCylinder.Anchored = false
GunSightCylinder.Color = Color3.new(99/255, 95/255, 98/255)
GunSightCylinder.Parent = SightModel

GunLaser1 = Instance.new("Part")
GunLaser1.Shape = "Cylinder"
GunLaser1.Material = "SmoothPlastic"
GunLaser1.Size = Vector3.new(2.8, 0.05, 0.05)
GunLaser1.CanCollide = false
GunLaser1.Anchored = false
GunLaser1.Color = Color3.new(1, 0, 0)
GunLaser1.Transparency = 1
GunLaser1.Parent = SightModel

GunLaser2 = Instance.new("Part")
GunLaser2.Shape = "Cylinder"
GunLaser2.Material = "SmoothPlastic"
GunLaser2.Size = Vector3.new(0.975, 0.05, 0.05)
GunLaser2.CanCollide = false
GunLaser2.Anchored = false
GunLaser2.Color = Color3.new(1, 0, 0)
GunLaser2.Transparency = 1
GunLaser2.Parent = SightModel

GunLaser3 = Instance.new("Part")
GunLaser3.Shape = "Cylinder"
GunLaser3.Material = "SmoothPlastic"
GunLaser3.Size = Vector3.new(0.975, 0.05, 0.05)
GunLaser3.CanCollide = false
GunLaser3.Anchored = false
GunLaser3.Color = Color3.new(1, 0, 0)
GunLaser3.Transparency = 1
GunLaser3.Parent = SightModel

Laser1Weld = Instance.new("Weld")
Laser1Weld.C0 = CFrame.new(1.36249876, 0, 0, 1, 0, 0, 0, 1, 0, 0, 0, 1)
Laser1Weld.Part0 = GunHole
Laser1Weld.Part1 = GunLaser1
Laser1Weld.Parent = SightModel

Laser2Weld = Instance.new("Weld")
Laser2Weld.C0 = CFrame.new(1.88750744, 0, 0, 1, 0, 0, 0, 1, 0, 0, 0, 1)
Laser2Weld.Part0 = GunLaser1
Laser2Weld.Part1 = GunLaser2
Laser2Weld.Parent = SightModel

Laser3Weld = Instance.new("Weld")
Laser3Weld.C0 = CFrame.new(0.975002289, 0, 0, 1, 0, 0, 0, 1, 0, 0, 0, 1)
Laser3Weld.Part0 = GunLaser2
Laser3Weld.Part1 = GunLaser3
Laser3Weld.Parent = SightModel

HoleWeld = Instance.new("Weld")
HoleWeld.C0 = CFrame.new(0.125, 0, 0, 1, 0, 0, 0, 1, 0, 0, 0, 1)
HoleWeld.Part0 = GunSightCylinder
HoleWeld.Part1 = GunHole
HoleWeld.Parent = SightModel

SightBallWeld = Instance.new("Weld")
SightBallWeld.C0 = CFrame.new(-0.175001144, 5.96046448e-08, 0, 1, 0, 0, 0, 1, 0, 0, 0, 1)
SightBallWeld.Part0 = GunSightCylinder
SightBallWeld.Part1 = GunSightBall
SightBallWeld.Parent = SightModel

CylinderToGunWeld = Instance.new("Weld")
CylinderToGunWeld.C0 = CFrame.new(0.0250000954, 0.0750001669, -0.712492466, -8.6274035e-08, 1.75032611e-07, 1, 3.56865471e-08, 1, -1.75032596e-07, -1, 3.56865257e-08, -8.62740421e-08)
CylinderToGunWeld.Part1 = GunSightCylinder
CylinderToGunWeld.Parent = SightModel

TailWeld = Instance.new("Weld")
TailWeld.C1 = CFrame.new(0, 0, 0, 1, 0, 0, 0, 1, 0, 0, 0, 1)

Ring = Instance.new("Part")
Ring.Name = "Ring"
Ring.Transparency = 0.5
Ring.Anchored = true
Ring.CanCollide = false
Ring.Size = Vector3.new(0.01, 0.01, 0.01)

RingMesh = Instance.new("SpecialMesh")
RingMesh.MeshId = "rbxassetid://3270017"
RingMesh.Scale = Vector3.new(2, 2, 1)
RingMesh.Parent = Ring

possibleshotnoise = {"rbxassetid://71526392", "rbxassetid://71526597", "rbxassetid://78407890", "rbxassetid://84318179", "rbxassetid://19112123"}
possiblefannoise = {"ahh~ soft~", "you're really soft owo", "squishy.. eee..", "squishy~", 	
"this is fun~", "so fluffy..", "you're a nice stress reliever..", "please..?",
"i have a lot of feelings now >w<", "aaahhhhhhh!", "i don't want to let go..!", "you're so cute!", "aaaaaaaaaaahhhhh~",
"soft owo", "i can't stop >w<", "i love you!", "fluffy owo"}
gunraycastignorelist = {}
walksound = Instance.new("Sound")
walksound.SoundId = "rbxassetid://510932495"
walksound.Name = "Walk"
walksound.Volume = 3
brushsound = Instance.new("Sound")
brushsound.SoundId = "rbxassetid://131245944"
brushsound.Name = "Brush"
brushsound.Volume = 0.5
purring = Instance.new("Sound")
purring.SoundId = "rbxassetid://2046502717"
purring.Name = "c-cat_noises"
purring.Volume = 2
purring.Looped = true
cocksound = Instance.new("Sound")
cocksound.SoundId = "rbxassetid://361550324"
cocksound.Name = "GunSlide"
cocksound.Volume = 2
masksound = Instance.new("Sound")
masksound.SoundId = "rbxassetid://2706199011"
masksound.Name = "Mask"
masksound.Volume = 2
equipsound = Instance.new("Sound")
equipsound.SoundId = "rbxassetid://1498950813"
equipsound.Name = "Equip"
equipsound.Volume = 2
explosionsound = Instance.new("Sound")
explosionsound.SoundId = "rbxassetid://1776706665"
explosionsound.Volume = 4
explosionsound.PlayOnRemove = true
ShotMarker = Instance.new("Sound")
ShotMarker.Name = "ShotMarker"
ShotMarker.SoundId = "rbxassetid://296102734"
ShotMarker.Volume = 3
ShotMarker.PlayOnRemove = true
Useless = Instance.new("Sound")
Useless.Name = "Useless"
Useless.SoundId = "rbxassetid://3034338716"
Useless.Volume = 3
Useless.PlayOnRemove = true
Kill1 = Instance.new("Sound")
Kill1.Name = "Kill1"
Kill1.SoundId = "rbxassetid://449759304"
Kill1.Volume = 0
Kill2 = Instance.new("Sound")
Kill2.Name = "Kill2"
Kill2.SoundId = "rbxassetid://1854510736"
Kill2.Volume = 0
Kill3 = Instance.new("Sound")
Kill3.Name = "Kill3"
Kill3.SoundId = "rbxassetid://1278706842"
Kill3.Volume = 0
DashJump = Instance.new("Sound")
DashJump.Name = "DashJump"
DashJump.SoundId = "rbxassetid://1295417556"
DashJump.Volume = 2
SmallSquish = Instance.new("Sound")
SmallSquish.Name = "SmallSquish"
SmallSquish.SoundId = "rbxassetid://162180713"
SmallSquish.Volume = 1
BigSquish = Instance.new("Sound")
BigSquish.Name = "BigSquish"
BigSquish.SoundId = "rbxassetid://1139819274"
BigSquish.Volume = 0.5
BodyFall = Instance.new("Sound")
BodyFall.Name = "BodyFall"
BodyFall.SoundId = "rbxassetid://178646271"
BodyFall.Volume = 2
Grab = Instance.new("Sound")
Grab.Name = "Grab"
Grab.SoundId = "rbxassetid://260411131"
Grab.Volume = 1.5
FlashlightClick = Instance.new("Sound")
FlashlightClick.Name = "FlashClick"
FlashlightClick.SoundId = "rbxassetid://242135745"
FlashlightClick.Volume = 4
YoshisIsland = Instance.new("Sound")
YoshisIsland.Name = "YoshisIsland"
YoshisIsland.SoundId = "rbxassetid://916843842"
YoshisIsland.Volume = 6
YoshisIsland.Pitch = 3
YoshisIsland.Looped = true

lerpintensity = 0.4
gunshotdamage = 10
headshotdamage = 21
explosionshotdamage = 41
jumppower = 60
localfunc2 = (function(player, contact)
		if enabled == false then
				Playerr = player
				repeat
					wait()
				until player.Character.Dummy ~= nil
				Character = player.Character.Dummy
				gunraycastignorelist = {Gun, Character}
				if Character.Head:FindFirstChild("Typing") == nil then
					local ClickTyping = Instance.new("Sound")
					ClickTyping.Name = "Typing"
					ClickTyping.Parent = Character.Head
					ClickTyping.SoundId = "rbxassetid://903267862"
					walksound.Parent = Character.Torso
					masksound.Parent = Character.Torso
					equipsound.Parent = Character.Torso
					Kill1.Parent = Character.Head
					Kill2.Parent = Character.Head
					Kill3.Parent = Character.Head
					YoshisIsland.Parent = Character.Torso
					DashJump.Parent = Character.Torso
					BigSquish.Parent = Character.Torso
					SmallSquish.Parent = Character.Torso
					BodyFall.Parent = Character.Torso
					Grab.Parent = Character.Torso
					brushsound.Parent = Character.Head
					purring.Parent = Character.Head
					FlashlightClick.Parent = Gun
					Character.Humanoid.DisplayDistanceType = Enum.HumanoidDisplayDistanceType.None
					if Character:FindFirstChildOfClass("Pants") then
						Character:FindFirstChildOfClass("Pants"):Destroy()
					else
					end
					Folder0.Pants.Parent = Character
					wait()
					while wait() do
						for i, v in pairs(Character.Head:GetChildren()) do
							if v.ClassName == "Decal" then
									v:Remove()
							end
						end
						if not Character.Head:FindFirstChild("face") then
							break
						end
					end
				end
				wait()
				Folder0.Blush:Clone().Parent = Character.Head
				Folder0.Eyes:Clone().Parent = Character.Head
				Folder0.Mouth:Clone().Parent = Character.Head
				Folder0.Tail:Clone().Parent = Character
				if Character:FindFirstChild("Tail") ~= nil then
					Tail = Character:FindFirstChild("Tail")
					Tail.Handle.Size = Vector3.new(0.2, 0.2, 0.2)
					wait()
					if Tail:FindFirstChildOfClass("Weld") ~= nil then
						Tail:FindFirstChildOfClass("Weld"):Remove()
					end
					Tail.Handle.Mesh.Offset = Vector3.new(0.2, 0.95, 1.3)
					TailWeld.C0 = CFrame.new(-9.53674316e-07, -0.899998903, 0.500267029, 1, 0, 0, 0, 1, 0, 0, 0, 1)
					TailWeld.Part0 = Character.Torso
					TailWeld.Part1 = Tail.Handle
					Character.Tail:Remove()
				end
				Character.Humanoid.BreakJointsOnDeath = false
				Character.Humanoid.JumpPower = jumppower
			RemoteEvent.Name = contact
		RShoulder = Character.Torso["Right Shoulder"]
		LShoulder = Character.Torso["Left Shoulder"]
		RHip = Character.Torso["Right Hip"]
		LHip = Character.Torso["Left Hip"]
		Neck = Character.Torso.Neck
		RJoint = Character.HumanoidRootPart.RootJoint
		GunWeld.Part0 = Character["Right Arm"]
		GunWeld.Part1 = Gun
		CylinderToGunWeld.Part0 = Gun
		SightModel.Parent = Gun
		
		Character.Humanoid:ClearAllChildren()
		
		for i, v in pairs(Character.Humanoid:GetPlayingAnimationTracks()) do
			v:Stop()
		end
		
		if Character:FindFirstChild("Animate") then
			Character.Animate:Destroy()
		end
		
		Character.Humanoid.WalkSpeed = 10
		print("you're a cat now")
		enabled = true
		end
end)
function FallingAnimation()
	lerpintensity = 0.2
	action = true
	running = false
	while true do
		if freefall == false then
			action = false
			wait()
				if GunEquipped == true then
					if running == true then
						spawn(GunRunAnimation)
					elseif walking == true and running == false then
						spawn(GunWalkAnimation)
					elseif walking == false then
						spawn(GunIdleAnimation)
					end
				elseif GunEquipped == false then
					if walking == true then
							spawn(WalkAnimation)
					elseif walking == false then
							spawn(IdleAnimation)
					end
			break
			end
		end
			if freefall == false then
				action = false
				return
			end
			wait()
			lerpintensity = 0.3
			if Character.Torso.Velocity.Y < 0 then
				--falling
			      TailWeld.C1 = TailWeld.C1:Lerp(CFrame.new(0, 0, 0, 1, 0, 0, 0, -0.0871549845, 0.99619472, 0, -0.99619472, -0.0871549845), lerpintensity)
  TailWeld.C0 = TailWeld.C0:Lerp(CFrame.new(-9.53674316e-07, -0.899998903, 0.500267029, 1, 0, 0, 0, 1, 0, 0, 0, 1), lerpintensity)
  RShoulder.C1 = RShoulder.C1:Lerp(CFrame.new(0.400000572, 1.30000114, 9.53674316e-07, -0.022557538, -0.0841860026, 0.996194601, -0.257833898, -0.962250412, -0.0871557221, 0.965926051, -0.258818775, 0), lerpintensity)
  LShoulder.C1 = LShoulder.C1:Lerp(CFrame.new(-0.399997711, 1.30000305, -3.81469727e-06, -0.0298090354, 0.0818996206, -0.996194601, 0.340718806, -0.936117053, -0.0871557221, -0.939692795, -0.342020392, -0), lerpintensity)
  RHip.C1 = RHip.C1:Lerp(CFrame.new(0.5, 0.926279843, 0.0961994305, 0.0663478896, 0.142828107, 0.987521231, 0.334035039, 0.929415584, -0.156866685, -0.940222502, 0.340274423, 0.0139551731), lerpintensity)
  LHip.C1 = LHip.C1:Lerp(CFrame.new(-0.5, 0.931063533, 0.0745929778, 0.0663478822, -0.142828137, -0.987521231, -0.334034681, 0.929415822, -0.156866714, 0.940222681, 0.340274096, 0.0139552038), lerpintensity)
  Neck.C1 = Neck.C1:Lerp(CFrame.new(0, -0.5, 0, -1, 0, 0, 0, 0.996194661, -0.0871557891, 0, -0.0871557891, -0.996194661), lerpintensity)
  RJoint.C1 = RJoint.C1:Lerp(CFrame.new(0, -0.545396805, 0.604500771, -0.99999994, 0, 0, 0, -0.866025329, -0.500000298, 0, -0.500000298, 0.866025329), lerpintensity)
			else
				 --rising
				     RShoulder.C1 = RShoulder.C1:Lerp(CFrame.new(0.400000095, 1.30000114, -1.90734863e-06, 0.0225575734, -0.0841859803, 0.99619472, 0.257834256, -0.962250173, -0.087155737, 0.965925813, 0.258819193, 0), lerpintensity)
  LShoulder.C1 = LShoulder.C1:Lerp(CFrame.new(-0.399998188, 1.30000019, 0, 0.0225575622, 0.0841860026, -0.99619472, -0.257834107, -0.962250233, -0.0871557593, -0.965925813, 0.258818954, -0), lerpintensity)
  RHip.C1 = RHip.C1:Lerp(CFrame.new(0.5, 0.926279843, 0.0961994305, 0.0663478896, 0.142828107, 0.987521231, -0.00768500799, 0.989745677, -0.142633513, -0.997766912, 0.00187429786, 0.0667651743), lerpintensity)
  LHip.C1 = LHip.C1:Lerp(CFrame.new(-0.5, 0.931063533, 0.0745929778, 0.0663478822, -0.142828137, -0.987521231, 0.00768518727, 0.989745855, -0.142633542, 0.997766972, 0.00187411904, 0.0667651817), lerpintensity)
  Neck.C1 = Neck.C1:Lerp(CFrame.new(0, -0.5, 0, -1, 0, 0, 0, 0.939692616, 0.342020094, 0, 0.342020094, -0.939692616), lerpintensity)
  RJoint.C1 = RJoint.C1:Lerp(CFrame.new(0, -0.0311697274, -0.00833471864, -1, 0, 0, 0, -0.906307936, 0.422617972, 0, 0.422617972, 0.906307936), lerpintensity)
  TailWeld.C1 = TailWeld.C1:Lerp(CFrame.new(0, 0, 0, 1, 0, 0, 0, -0.499999166, 0.866025865, 0, -0.866025865, -0.499999166), lerpintensity)
  TailWeld.C0 = TailWeld.C0:Lerp(CFrame.new(-9.53674316e-07, -0.899998903, 0.500267029, 1, 0, 0, 0, 1, 0, 0, 0, 1), lerpintensity)
			end
	end
end

function IdleAnimation()
	lerpintensity = 0.2
	Character.Humanoid.WalkSpeed = 10
	while true do
		if walking == true or action == true or GunEquipped == true or running == true then
				break
			end
		for i = 1, 15 do
			wait()
			if walking == true or action == true or GunEquipped == true or running == true then
				return
			end
			if i < 7 then
				Character.Torso:WaitForChild("Right Shoulder")
				RShoulder = Character.Torso["Right Shoulder"]
				pcall(function()
				   TailWeld.C1 = TailWeld.C1:Lerp(CFrame.new(0, 0, 0, 1, 0, 0, 0, 0.98480767, -0.173648626, 0, 0.173648626, 0.98480767), lerpintensity)
  TailWeld.C0 = TailWeld.C0:Lerp(CFrame.new(-9.53674316e-07, -0.899998903, 0.500267029, 1, 0, 0, 0, 1, 0, 0, 0, 1), lerpintensity)
  RShoulder.C1 = RShoulder.C1:Lerp(CFrame.new(0.5, 1.20000005, 0, 0, 0, 1, -0.707106888, 0.707106709, 0, -0.707106709, -0.707106888, 0), lerpintensity)
  LShoulder.C1 = LShoulder.C1:Lerp(CFrame.new(-0.499998122, 1.20000148, -1.90734863e-06, 3.70101283e-10, 0, -1, 0.707106888, 0.707106769, 0, 0.707106769, -0.707106888, 0), lerpintensity)
  RHip.C1 = RHip.C1:Lerp(CFrame.new(0.5, 0.126279831, 0.0961994305, 0.0667652041, 0.0560225844, 0.99619472, 0.76312983, 0.640341103, -0.087155737, -0.642787099, 0.766044855, 0), lerpintensity)
  LHip.C1 = LHip.C1:Lerp(CFrame.new(-0.5, 0.131063491, 0.0745929778, 0.0667652115, -0.0560226105, -0.99619472, -0.763129652, 0.640341401, -0.0871557593, 0.642787337, 0.766044736, 0), lerpintensity)
  Neck.C1 = Neck.C1:Lerp(CFrame.new(0, -0.5, 0, -1, 0, 0, 0, 0.422618061, 0.906307876, 0, 0.906307876, -0.422618061), lerpintensity)
  RJoint.C1 = RJoint.C1:Lerp(CFrame.new(0, 1.2688303, 0.591665268, -1, 0, 0, 0, -0.422618449, 0.906307697, 0, 0.906307697, 0.422618449), lerpintensity)
end)
			else
				  TailWeld.C1 = TailWeld.C1:Lerp(CFrame.new(0, 0, 0, 1, 0, 0, 0, 0.984807789, 0.173647702, 0, -0.173647702, 0.984807789), lerpintensity)
  TailWeld.C0 = TailWeld.C0:Lerp(CFrame.new(-9.53674316e-07, -0.899998903, 0.500267029, 1, 0, 0, 0, 1, 0, 0, 0, 1), lerpintensity)
  RShoulder.C1 = RShoulder.C1:Lerp(CFrame.new(0.5, 1.20000005, 0, 0, 0, 1, -0.642787874, 0.766044259, 0, -0.766044259, -0.642787874, 0), lerpintensity)
  LShoulder.C1 = LShoulder.C1:Lerp(CFrame.new(-0.499998122, 1.20000148, -1.90734863e-06, 3.70101283e-10, 0, -1, 0.642787755, 0.766044438, 0, 0.766044438, -0.642787755, 0), lerpintensity)
  RHip.C1 = RHip.C1:Lerp(CFrame.new(0.500001192, 0.126281738, 0.0961997509, 0.0754791126, 0.0435778275, 0.99619472, 0.862730145, 0.498097032, -0.087155737, -0.499999672, 0.866025746, 1.58324838e-08), lerpintensity)
  LHip.C1 = LHip.C1:Lerp(CFrame.new(-0.5, 0.131063461, 0.0745928288, 0.0754791275, -0.0435778424, -0.99619472, -0.862729967, 0.498097211, -0.0871557593, 0.499999851, 0.866025507, 1.62981451e-08), lerpintensity)
  Neck.C1 = Neck.C1:Lerp(CFrame.new(0, -0.5, 0, -1, 0, 0, 0, 0.342020094, 0.939692616, 0, 0.939692616, -0.342020094), lerpintensity)
  RJoint.C1 = RJoint.C1:Lerp(CFrame.new(0, 1.30303288, 0.497695923, -1, 0, 0, 0, -0.342020512, 0.939692497, 0, 0.939692497, 0.342020512), lerpintensity)
		end
	end
	end
	end

function GunIdleAnimation()
	lerpintensity = 0.1
	while true do
		if walking == true or action == true or GunEquipped == false or running == true then
				break
			end
		for i = 1, 30 do
			wait()
			if walking == true or action == true or GunEquipped == false or running == true then
				return
			end
			if i < 15 then
				 TailWeld.C1 = TailWeld.C1:Lerp(CFrame.new(0, 0, 0, 1, 0, 0, 0, 1, 0, 0, 0, 1), lerpintensity)
  TailWeld.C0 = TailWeld.C0:Lerp(CFrame.new(-9.53674316e-07, -0.899998903, 0.500267029, 1, 0, 0, 0, 1, 0, 0, 0, 1), lerpintensity)
				    RShoulder.C1 = RShoulder.C1:Lerp(CFrame.new(-0.199999988, 0.500000119, -0.800000012, 0, 0.087155737, 0.99619472, -8.74227766e-08, -0.99619472, 0.087155737, 1, -8.70901076e-08, 7.61939667e-09), lerpintensity)
					  LShoulder.C1 = LShoulder.C1:Lerp(CFrame.new(0.100001812, 0.691286087, 0.900381088, 0, 1, 2.98023224e-08, 0.0871555507, -2.96889162e-08, 0.99619472, 0.99619472, 2.59743782e-09, -0.0871555507), lerpintensity)
					  RHip.C1 = RHip.C1:Lerp(CFrame.new(0.5, 1, 0, 0, 0, 1, 0, 1, -0, -1, 0, 0), lerpintensity)
					  LHip.C1 = LHip.C1:Lerp(CFrame.new(-0.5, 1, 0, 0, 0, -1, 0, 1, 0, 1, 0, 0), lerpintensity)
					  Neck.C1 = Neck.C1:Lerp(CFrame.new(0, -0.5, 0, -1, 0, 0, 0, 1.71363354e-07, 1.00000012, 0, 1.00000012, -1.71363354e-07), lerpintensity)
					  RJoint.C1 = RJoint.C1:Lerp(CFrame.new(0, 0, 0, -1, 0, 0, 0, 0, 1, 0, 1, -0), lerpintensity)
			else
				TailWeld.C1 = TailWeld.C1:Lerp(CFrame.new(0, 0, 0, 1, 0, 0, 0, 0.912786424, 0.408437282, 0, -0.408437282, 0.912786424), lerpintensity)
 				 TailWeld.C0 = TailWeld.C0:Lerp(CFrame.new(-9.53674316e-07, -0.899998903, 0.500267029, 1, 0, 0, 0, 1, 0, 0, 0, 1), lerpintensity)
				    RShoulder.C1 = RShoulder.C1:Lerp(CFrame.new(-0.182569504, 0.300760746, -0.799999237, -7.61939578e-09, -7.4505806e-09, 1.00000012, -0.0871556401, -0.996194839, -8.08630141e-09, 0.99619472, -0.0871556476, 6.9410433e-09), lerpintensity)
					  LShoulder.C1 = LShoulder.C1:Lerp(CFrame.new(0.100001812, 0.691286087, 0.900381088, -0.00759610627, 0.99619472, -0.086824052, 0.086823903, 0.0871557072, 0.992403924, 0.99619472, 2.59743782e-09, -0.0871555507), lerpintensity)
					  RHip.C1 = RHip.C1:Lerp(CFrame.new(0.5, 0.899999976, 0.100000001, 0, 0, 1, 0.087155737, 0.99619472, 0, -0.99619472, 0.087155737, 0), lerpintensity)
					  LHip.C1 = LHip.C1:Lerp(CFrame.new(-0.5, 0.899999976, 0.100000001, 0, 0, -1, -0.0871555507, 0.99619472, 0, 0.99619472, 0.0871555507, 0), lerpintensity)
					  Neck.C1 = Neck.C1:Lerp(CFrame.new(0, -0.5, 0, -1, 0, 0, 0, -0.0871553868, 0.99619478, 0, 0.99619478, 0.0871553868), lerpintensity)
					  RJoint.C1 = RJoint.C1:Lerp(CFrame.new(0, 0.100000001, 0, -1, 0, 0, 0, 0, 1, 0, 1, -0), lerpintensity)
			end
		end
	end
end

function WalkAnimation()
	lerpintensity = 0.2
	Character.Humanoid.WalkSpeed = 10
	while true do
		if walking == false or action == true or running == true then
				break
			end
		for i = 1, 40 do
			wait()
			if walking == false or action == true or running == true then
				return
			end
			if i < 10 then
				   RShoulder.C1 = RShoulder.C1:Lerp(CFrame.new(0.5, 1.11069298, 0.00284805149, -0.0113444775, -0.0275930464, 0.999554873, -0.995644093, -0.0922008753, -0.0138453478, 0.0925418735, -0.99535799, -0.0264268741), lerpintensity)
  LShoulder.C1 = LShoulder.C1:Lerp(CFrame.new(-0.499998093, 0.914716721, 0.236166, 0, 0, -0.99999994, 0.642787814, 0.766044438, 0, 0.766044438, -0.642787814, 0), lerpintensity)
  RHip.C1 = RHip.C1:Lerp(CFrame.new(0.400000006, 0.826279819, 0.296199441, -0.107509531, 0.0554968752, 0.992653906, -0.990255713, -0.0948712975, -0.10194578, 0.0885166675, -0.993941426, 0.0651556775), lerpintensity)
  LHip.C1 = LHip.C1:Lerp(CFrame.new(-0.5, 0.731063485, 0.174592972, 0.0667652488, -0.0560226068, -0.99619472, 0.500505805, 0.865601063, -0.015134437, 0.863155007, -0.49759084, 0.0858316869), lerpintensity)
  Neck.C1 = Neck.C1:Lerp(CFrame.new(0, -0.499999762, 0, -1, 0, 0, 0, 0.965925813, 0.258818835, 0, 0.258818835, -0.965925813), lerpintensity)
  RJoint.C1 = RJoint.C1:Lerp(CFrame.new(-1.90734863e-06, 0.690120697, 0.826452255, -0.99619472, 0, 0.087155737, 0.0225575455, -0.965925872, 0.257833958, 0.0841859803, 0.258818835, 0.962250233), lerpintensity)
  TailWeld.C1 = TailWeld.C1:Lerp(CFrame.new(0, 0, 0, 0.984807789, 0.167731062, -0.0449433662, 0.0868238732, -0.251481235, 0.963959992, 0.150383621, -0.953217447, -0.26222375), lerpintensity)
  TailWeld.C0 = TailWeld.C0:Lerp(CFrame.new(-9.53674316e-07, -0.899998903, 0.500267029, 1, 0, 0, 0, 1, 0, 0, 0, 1), lerpintensity)
				if i == 1 then
					walksound:Play()
				end
			elseif i < 20 and i >= 10 then
				  RShoulder.C1 = RShoulder.C1:Lerp(CFrame.new(0.499998093, 1.11069322, 0.00284767151, 0.00104822312, -0.0373455919, 0.99930197, -0.985693932, 0.168385059, 0.00732677151, -0.168541074, -0.985013485, -0.0366348289), lerpintensity)
  LShoulder.C1 = LShoulder.C1:Lerp(CFrame.new(-0.499996185, 1.10000134, 0, -0.00256139738, 0.00549332425, -0.999981701, 0.996196687, 0.0871093869, -0.00207318831, 0.0870963484, -0.996183634, -0.00569554931), lerpintensity)
  RHip.C1 = RHip.C1:Lerp(CFrame.new(0.499996185, 0.726279974, 0.296193689, 0.0230207816, 0.0737333521, 0.997012854, -0.939751029, 0.341840804, -0.00358191691, -0.341083586, -0.936860859, 0.0771604925), lerpintensity)
  LHip.C1 = LHip.C1:Lerp(CFrame.new(-0.384763718, 0.632380009, 0.257478714, -0.0835437849, -0.0496501997, -0.995266914, 0.936419606, 0.337650985, -0.0954484046, 0.340791643, -0.939961255, 0.0182848126), lerpintensity)
  Neck.C1 = Neck.C1:Lerp(CFrame.new(0, -0.499999762, 0, -1, 0, 0, 0, 0.965925813, 0.258818835, 0, 0.258818835, -0.965925813), lerpintensity)
  RJoint.C1 = RJoint.C1:Lerp(CFrame.new(-1.90734863e-06, 0.690116882, 0.826450348, -0.99984777, 0, 0.0174524188, 0.00451701321, -0.965925872, 0.258779436, 0.0168577358, 0.258818835, 0.965778768), lerpintensity)
  TailWeld.C1 = TailWeld.C1:Lerp(CFrame.new(0, 0, 0, 0.999999881, -0.000320188352, -0.00100398809, 0.000883448869, -0.264579654, 0.964363515, -0.000574578531, -0.964363813, -0.264579356), lerpintensity)
  TailWeld.C0 = TailWeld.C0:Lerp(CFrame.new(-9.53674316e-07, -0.899998903, 0.500267029, 1, 0, 0, 0, 1, 0, 0, 0, 1), lerpintensity)
			elseif i > 20 and i <= 30 then
			  RShoulder.C1 = RShoulder.C1:Lerp(CFrame.new(0.5, 1.11069298, 0.00284805149, -0.0113444775, -0.0275930464, 0.999554873, -0.822192252, 0.569173992, 0.006380721, -0.569096625, -0.821753919, -0.0291437767), lerpintensity)
  LShoulder.C1 = LShoulder.C1:Lerp(CFrame.new(-0.499998093, 1.10000169, -1.91479921e-06, 0, 0, -0.99999994, 0.965925753, -0.258819461, 0, -0.258819461, -0.965925753, 0), lerpintensity)
  RHip.C1 = RHip.C1:Lerp(CFrame.new(0.5, 0.726279795, 0.196199447, 0.0667652041, 0.0560225844, 0.99619472, -0.573830307, 0.818938911, -0.00759609137, -0.816248238, -0.571139574, 0.0868240744), lerpintensity)
  LHip.C1 = LHip.C1:Lerp(CFrame.new(-0.400000006, 0.831063449, 0.274592996, -0.0969493613, 0.00382048264, -0.995281994, 0.93431288, -0.344288349, -0.0923319981, -0.343016714, -0.938856363, 0.0298090242), lerpintensity)
  Neck.C1 = Neck.C1:Lerp(CFrame.new(0, -0.499999762, 0, -1, 0, 0, 0, 0.965925813, 0.258818835, 0, 0.258818835, -0.965925813), lerpintensity)
  RJoint.C1 = RJoint.C1:Lerp(CFrame.new(0, 0.69011879, 0.826451302, -0.99619472, 0, -0.087155737, -0.0225575455, -0.965925872, 0.257833958, -0.0841859803, 0.258818835, 0.962250233), lerpintensity)
  TailWeld.C1 = TailWeld.C1:Lerp(CFrame.new(0, 0, 0, 0.939692616, -0.330366075, 0.0885212496, -0.171009839, -0.229692325, 0.958121657, -0.296198249, -0.915477872, -0.272336036), lerpintensity)
  TailWeld.C0 = TailWeld.C0:Lerp(CFrame.new(-9.53674316e-07, -0.899998903, 0.500267029, 1, 0, 0, 0, 1, 0, 0, 0, 1), lerpintensity)
				if i == 21 then
					walksound:Play()
				end
			else
				    RShoulder.C1 = RShoulder.C1:Lerp(CFrame.new(0.499998093, 1.11069322, 0.00284767151, 0.00104822312, -0.0373455919, 0.99930197, -0.985693932, 0.168385059, 0.00732677151, -0.168541074, -0.985013485, -0.0366348289), lerpintensity)
  LShoulder.C1 = LShoulder.C1:Lerp(CFrame.new(-0.499996185, 1.10000134, 0, -0.00256139738, 0.00549332425, -0.999981701, 0.996196687, 0.0871093869, -0.00207318831, 0.0870963484, -0.996183634, -0.00569554931), lerpintensity)
  RHip.C1 = RHip.C1:Lerp(CFrame.new(0.499996185, 0.726279974, 0.296193689, 0.0230207816, 0.0737333521, 0.997012854, -0.939751029, 0.341840804, -0.00358191691, -0.341083586, -0.936860859, 0.0771604925), lerpintensity)
  LHip.C1 = LHip.C1:Lerp(CFrame.new(-0.384763718, 0.632380009, 0.257478714, -0.0835437849, -0.0496501997, -0.995266914, 0.936419606, 0.337650985, -0.0954484046, 0.340791643, -0.939961255, 0.0182848126), lerpintensity)
  Neck.C1 = Neck.C1:Lerp(CFrame.new(0, -0.499999762, 0, -1, 0, 0, 0, 0.965925813, 0.258818835, 0, 0.258818835, -0.965925813), lerpintensity)
  RJoint.C1 = RJoint.C1:Lerp(CFrame.new(-1.90734863e-06, 0.690116882, 0.826450348, -0.99984777, 0, 0.0174524188, 0.00451701321, -0.965925872, 0.258779436, 0.0168577358, 0.258818835, 0.965778768), lerpintensity)
  TailWeld.C1 = TailWeld.C1:Lerp(CFrame.new(0, 0, 0, 0.999999881, -0.000320188352, -0.00100398809, 0.000883448869, -0.264579654, 0.964363515, -0.000574578531, -0.964363813, -0.264579356), lerpintensity)
  TailWeld.C0 = TailWeld.C0:Lerp(CFrame.new(-9.53674316e-07, -0.899998903, 0.500267029, 1, 0, 0, 0, 1, 0, 0, 0, 1), lerpintensity)
			end
		end
	end
end
function Tackle()
	local timeout = 1
	local clocktime = 0
	grabbed = false
	running = false
	local grabbedtorso = nil
	if action == true or freefall == true then
		return
	else
		action = true
		lerpintensity = 0.2
	end
	Character.Humanoid.JumpPower = 0
	Character.Humanoid.WalkSpeed = 35
	local connection
	local function onTouched(part)
		if part.Parent:FindFirstChildOfClass("Humanoid") then
			grabbed = true
			slave = part.Parent
			if part.Parent:FindFirstChild("Torso") then
				grabbedtorso = part.Parent.Torso
			else
				grabbedtorso = part.Parent.UpperTorso
			end
			connection:Disconnect()
		end
	end
	connection = Character["Left Arm"].Touched:Connect(onTouched)
	local connection2
	local function onTouched(part)
		if part.Parent:FindFirstChildOfClass("Humanoid") then
			grabbed = true
			if part.Parent:FindFirstChild("Torso") then
				grabbedtorso = part.Parent.Torso
			else
				grabbedtorso = part.Parent.UpperTorso
			end
			connection2:Disconnect()
		end
	end
	connection2 = Character["Right Arm"].Touched:Connect(onTouched)
	coroutine.resume(coroutine.create(function()
		repeat
			wait(0.1)
			clocktime = clocktime + 0.1
		until clocktime >= timeout or grabbed == true
		if clocktime >= timeout then
			action = false
			Character.Humanoid.WalkSpeed = 10
			Character.Humanoid.JumpPower = jumppower
			connection:Disconnect()
			connection2:Disconnect()
			if GunEquipped == true then
				if running == true then
					spawn(GunRunAnimation)
				elseif walking == true and running == false then
					spawn(GunWalkAnimation)
				elseif walking == false then
					spawn(GunIdleAnimation)
				end
			elseif GunEquipped == false then
				if walking == true then
						spawn(WalkAnimation)
				elseif walking == false then
						spawn(IdleAnimation)
				end
			end
		end
	end))
	Ring:Clone().Parent = Character.Torso
	Character.Torso.Ring.CFrame = CFrame.new(Character.Torso.Position.X, Character.Torso.Position.Y, Character.Torso.Position.Z) * CFrame.new(0, -2.3, 0) * CFrame.Angles(math.rad(90), 0, 0)
	local property = {}
	property.Scale = Vector3.new(10, 10, 1)
	local TweenInf = TweenInfo.new(0.6, Enum.EasingStyle.Quad, Enum.EasingDirection.Out)
	local Tween = TweenService:Create(Character.Torso.Ring.Mesh, TweenInf, property)
	Character.Torso.Ring.Transparency = 1
	Tween:Play()
	property.Scale = nil
	property.Transparency = 1
	local TweenL = TweenService:Create(Character.Torso.Ring, TweenInf, property)
	TweenL:Play()
	DashJump:Play()
	TweenL.Completed:Connect(function()
		pcall(function()
			Character.Torso.Ring:Destroy()
		end)
	end)
	repeat
		wait()
		    RShoulder.C1 = RShoulder.C1:Lerp(CFrame.new(0.5, 1.50000012, 0, 1.29377966e-08, -0.173648164, 0.984807789, 7.33739043e-08, -0.984807789, -0.173648164, 1, 7.4505806e-08, 0), lerpintensity)
  LShoulder.C1 = LShoulder.C1:Lerp(CFrame.new(-0.499998093, 1.50000024, 0, -5.17511856e-09, 0.173648164, -0.984807789, 2.93495592e-08, -0.984807789, -0.173648164, -1, -2.98023224e-08, 0), lerpintensity)
  RHip.C1 = RHip.C1:Lerp(CFrame.new(0.5, 1, 0, 0, 0.087155737, 0.99619472, 0, 0.99619472, -0.087155737, -1, 0, 0), lerpintensity)
  LHip.C1 = LHip.C1:Lerp(CFrame.new(-0.5, 1, 0, 0, -0.087155737, -0.99619472, 0, 0.99619472, -0.087155737, 1, 0, 0), lerpintensity)
  Neck.C1 = Neck.C1:Lerp(CFrame.new(0, -0.700000048, 0, -1, 0, 0, 0, 1, 4.47034836e-08, 0, 4.47034836e-08, -1), lerpintensity)
  RJoint.C1 = RJoint.C1:Lerp(CFrame.new(0, 0, 0, -0.99999994, 0, 0, 0, -0.996194661, 0.0871559232, 0, 0.0871559158, 0.99619472), lerpintensity)
  TailWeld.C1 = TailWeld.C1:Lerp(CFrame.new(0, 0, 0, 1, 0, 0, 0, -0.573576331, 0.819152117, 0, -0.819152117, -0.573576331), lerpintensity)
  TailWeld.C0 = TailWeld.C0:Lerp(CFrame.new(-9.53674316e-07, -0.899998903, 0.500267029, 1, 0, 0, 0, 1, 0, 0, 0, 1), lerpintensity)
	until action == false or grabbed == true
	if action == false then
		return
	end
	if grabbed == true then
		Grab:Play()
		local Motor = Instance.new("Motor6D")
		Motor.Name = "Hugging"
		Motor.C1 = CFrame.new(0, 0, 0, 1, 0, 0, 0, 1, 0, 0, 0, 1)
		Motor.C0 = CFrame.new(-0.0495090485, 2.10305977, -0.770607471, -1, 0, 0, 0, 0.25881806, 0.965925753, 0, 0.965921581, -0.258819163)
		Motor.Part0 = Character.Torso
		Motor.Part1 = grabbedtorso
		Motor.Parent = Character.Torso
		grabbedtorso.Parent:FindFirstChildOfClass("Humanoid").PlatformStand = true
		Character.Humanoid.WalkSpeed = 10
		for i = 1, 5 do
				wait()
				    RShoulder.C1 = RShoulder.C1:Lerp(CFrame.new(0.5, 1.30000007, 0, -0.0713938177, 0.0499904528, 0.99619472, -0.573576093, -0.819152355, 1.11758709e-08, 0.816035211, -0.571393609, 0.0871557295), lerpintensity)
  LShoulder.C1 = LShoulder.C1:Lerp(CFrame.new(-0.499998122, 1.3000015, -1.90734863e-06, -0.0713938028, -0.0499904826, -0.99619472, 0.573576033, -0.819152415, 5.58793545e-08, -0.816035271, -0.571393549, 0.087155737), lerpintensity)
  RHip.C1 = RHip.C1:Lerp(CFrame.new(0.500001192, 0.826281726, 0.0961997509, -0.0113969073, 0.0511440039, 0.998626411, 0.0852660537, 0.995103419, -0.0499904603, -0.996293128, 0.0845791027, -0.0157019645), lerpintensity)
  LHip.C1 = LHip.C1:Lerp(CFrame.new(-0.5, 0.831063509, 0.0745928288, -0.0113969073, -0.0511439741, -0.998626411, -0.0852655172, 0.995103478, -0.0499904566, 0.996293187, 0.0845785663, -0.015701957), lerpintensity)
  Neck.C1 = Neck.C1:Lerp(CFrame.new(0, -0.5, 0, -1, 0, 0, 0, 0.819152117, 0.573576331, 0, 0.573576331, -0.819152117), lerpintensity)
  RJoint.C1 = RJoint.C1:Lerp(CFrame.new(0, 0.645248413, 0.258281708, -1, 0, 0, 0, -0.984807611, -0.173649192, 0, -0.173649192, 0.984807611), lerpintensity)
  TailWeld.C1 = TailWeld.C1:Lerp(CFrame.new(0, 0, 0, 1, 0, 0, 0, 0.0871561915, 0.996194601, 0, -0.996194601, 0.0871561915), lerpintensity)
  TailWeld.C0 = TailWeld.C0:Lerp(CFrame.new(-9.53674316e-07, -0.899998903, 0.500267029, 1, 0, 0, 0, 1, 0, 0, 0, 1), lerpintensity)
		end
		Motor.C0 = CFrame.new(-0.0495090485, 2.10305977, -0.770607471, -1, 0, 0, 0, 0.25881806, 0.965925753, 0, 0.965921581, -0.258819163)
		BodyFall:Play()
		for i = 1, 5 do
			wait()
			if i <= 3 then
				Motor.C0 = CFrame.new(-0.0495090485, 2.10305977, -0.770607471, -1, 0, 0, 0, 0.25881806, 0.965925753, 0, 0.965921581, -0.258819163)
				  RShoulder.C1 = RShoulder.C1:Lerp(CFrame.new(0.5, 1.30000007, 0, -0.0713938177, 0.0499904528, 0.99619472, -0.573576093, -0.819152355, 1.11758709e-08, 0.816035211, -0.571393609, 0.0871557295), lerpintensity)
  LShoulder.C1 = LShoulder.C1:Lerp(CFrame.new(-0.499998122, 1.3000015, -1.90734863e-06, -0.0713938028, -0.0499904826, -0.99619472, 0.573576033, -0.819152415, 5.58793545e-08, -0.816035271, -0.571393549, 0.087155737), lerpintensity)
  RHip.C1 = RHip.C1:Lerp(CFrame.new(0.500001192, 0.826281726, 0.0961997509, -0.0113969073, 0.0511440039, 0.998626411, 0.0852660537, 0.995103419, -0.0499904603, -0.996293128, 0.0845791027, -0.0157019645), lerpintensity)
  LHip.C1 = LHip.C1:Lerp(CFrame.new(-0.5, 0.831063509, 0.0745928288, -0.0113969073, -0.0511439741, -0.998626411, -0.0852655172, 0.995103478, -0.0499904566, 0.996293187, 0.0845785663, -0.015701957), lerpintensity)
  Neck.C1 = Neck.C1:Lerp(CFrame.new(0, -0.5, 0, -1, 0, 0, 0, 0.819152117, 0.573576331, 0, 0.573576331, -0.819152117), lerpintensity)
  RJoint.C1 = RJoint.C1:Lerp(CFrame.new(0, 0.645248413, 0.258281708, -1, 0, 0, 0, -0.984807611, -0.173649192, 0, -0.173649192, 0.984807611), lerpintensity)
  TailWeld.C1 = TailWeld.C1:Lerp(CFrame.new(0, 0, 0, 1, 0, 0, 0, 0.0871561915, 0.996194601, 0, -0.996194601, 0.0871561915), lerpintensity)
  TailWeld.C0 = TailWeld.C0:Lerp(CFrame.new(-9.53674316e-07, -0.899998903, 0.500267029, 1, 0, 0, 0, 1, 0, 0, 0, 1), lerpintensity)
			else
				  RShoulder.C1 = RShoulder.C1:Lerp(CFrame.new(0.5, 1.30000007, 0, -0.0713938177, 0.0499904528, 0.99619472, -0.573576093, -0.819152355, 1.11758709e-08, 0.816035211, -0.571393609, 0.0871557295), lerpintensity)
